,release_date,movie,production_budget,domestic_gross,worldwide_gross,foreign_gross,profit,genres,director
0,2011-05-20,Pirates of the Caribbean: On Stranger Tides 2011,410600000,241063875,1045663875,804600000,635063875,"Action,Adventure,Fantasy",Rob Marshall
1,2019-06-07,Dark Phoenix 2019,350000000,42762350,149762350,107000000,-200237650,"Action,Adventure,Sci-Fi",Simon Kinberg
2,2015-05-01,Avengers: Age of Ultron 2015,330600000,459005868,1403013963,944008095,1072413963,"Action,Adventure,Sci-Fi",Joss Whedon
3,2018-04-27,Avengers: Infinity War 2018,300000000,678815482,2048134200,1369318718,1748134200,"Action,Adventure,Sci-Fi","Anthony Russo, Joe Russo"
4,2017-11-17,Justice League 2017,300000000,229024295,655945209,426920914,355945209,"Action,Adventure,Fantasy",Zack Snyder
5,2015-11-06,Spectre 2015,300000000,200074175,879620923,679546748,579620923,"Action,Adventure,Thriller",Sam Mendes
6,2012-07-20,The Dark Knight Rises 2012,275000000,448139099,1084439099,636300000,809439099,"Action,Thriller",Christopher Nolan
7,2018-05-25,Solo: A Star Wars Story 2018,275000000,213767512,393151347,179383835,118151347,"Action,Adventure,Fantasy",Ron Howard
8,2013-07-02,The Lone Ranger 2013,275000000,89302115,260002115,170700000,-14997885,"Action,Adventure,Western",Gore Verbinski
9,2012-03-09,John Carter 2012,275000000,73058679,282778100,209719421,7778100,"Action,Adventure,Sci-Fi",Andrew Stanton
10,2010-11-24,Tangled 2010,260000000,200821936,586477240,385655304,326477240,"Adventure,Animation,Comedy","Nathan Greno, Byron Howard"
11,2016-05-06,Captain America: Civil War 2016,250000000,408084349,1140069413,731985064,890069413,"Action,Adventure,Sci-Fi","Anthony Russo, Joe Russo"
12,2016-03-25,Batman v Superman: Dawn of Justice 2016,250000000,330360194,867500281,537140087,617500281,"Action,Adventure,Fantasy",Zack Snyder
13,2012-12-14,The Hobbit: An Unexpected Journey 2012,250000000,303003568,1017003568,714000000,767003568,"Adventure,Family,Fantasy",Peter Jackson
14,2013-12-13,The Hobbit: The Desolation of Smaug 2013,250000000,258366855,960366855,702000000,710366855,"Adventure,Fantasy",Peter Jackson
15,2014-12-17,The Hobbit: The Battle of the Five Armies 2014,250000000,255119788,945577621,690457833,695577621,"Adventure,Fantasy",Peter Jackson
16,2017-04-14,The Fate of the Furious 2017,250000000,225764765,1234846267,1009081502,984846267,"Action,Crime,Thriller",F. Gary Gray
17,2017-05-26,Pirates of the Caribbean: Dead Men Tell No Tales 2017,230000000,172558876,788241137,615682261,558241137,"Action,Adventure,Fantasy","Joachim RÃ¸nning, Espen Sandberg"
18,2012-05-04,The Avengers 2012,225000000,623279547,1517935897,894656350,1292935897,"Action,Adventure,Sci-Fi",Joss Whedon
19,2013-06-14,Man of Steel 2013,225000000,291045518,667999518,376954000,442999518,"Action,Adventure,Sci-Fi",Zack Snyder
20,2012-07-03,The Amazing Spider-Man 2012,220000000,262030663,757890267,495859604,537890267,"Action,Adventure,Sci-Fi",Marc Webb
21,2012-05-18,Battleship 2012,220000000,65233400,313477717,248244317,93477717,"Action,Adventure,Sci-Fi",Peter Berg
22,2017-06-21,Transformers: The Last Knight 2017,217000000,130168683,602893340,472724657,385893340,"Action,Adventure,Sci-Fi",Michael Bay
23,2015-06-12,Jurassic World 2015,215000000,652270625,1648854864,996584239,1433854864,"Action,Adventure,Sci-Fi",Colin Trevorrow
24,2012-05-25,Men in Black 3 2012,215000000,179020854,654213485,475192631,439213485,"Action,Adventure,Comedy",Barry Sonnenfeld
25,2014-06-27,Transformers: Age of Extinction 2014,210000000,245439076,1104039076,858600000,894039076,"Action,Adventure,Sci-Fi",Michael Bay
26,2010-05-14,Robin Hood 2010,210000000,105487148,322459006,216971858,112459006,"Action,Adventure,Drama",Ridley Scott
27,2018-02-16,Black Panther 2018,200000000,700059566,1348258224,648198658,1148258224,"Action,Adventure,Sci-Fi",Ryan Coogler
28,2018-06-15,Incredibles 2 2018,200000000,608581744,1242520711,633938967,1042520711,"Action,Adventure,Animation",Brad Bird
29,2016-12-16,Rogue One: A Star Wars Story 2016,200000000,532177324,1049102856,516925532,849102856,"Action,Adventure,Sci-Fi",Gareth Edwards
30,2016-06-17,Finding Dory 2016,200000000,486295561,1021215193,534919632,821215193,"Adventure,Animation,Comedy","Andrew Stanton, Angus MacLane"
31,2010-06-18,Toy Story 3 2010,200000000,415004880,1068879522,653874642,868879522,"Adventure,Animation,Comedy",Lee Unkrich
32,2013-05-03,Iron Man 3 2013,200000000,408992272,1215392272,806400000,1015392272,"Action,Adventure,Sci-Fi",Shane Black
33,2010-03-05,Alice in Wonderland 2010,200000000,334191110,1025491110,691300000,825491110,"Adventure,Family,Fantasy",Tim Burton
34,2010-03-05,Alice in Wonderland 2010,200000000,334191110,1025491110,691300000,825491110,"Fantasy,Musical",James Fotopoulos
35,2012-11-08,Skyfall 2012,200000000,304360277,1110526981,806166704,910526981,"Action,Adventure,Thriller",Sam Mendes
36,2013-06-21,Monsters University 2013,200000000,268488329,743588329,475100000,543588329,"Adventure,Animation,Comedy",Dan Scanlon
37,2013-03-08,Oz the Great and Powerful 2013,200000000,234770996,490359051,255588055,290359051,"Adventure,Family,Fantasy",Sam Raimi
38,2014-05-23,X-Men: Days of Future Past 2014,200000000,233921534,747862775,513941241,547862775,"Action,Adventure,Sci-Fi",Bryan Singer
39,2014-05-02,The Amazing Spider-Man 2 2014,200000000,202853933,708996336,506142403,508996336,"Action,Adventure,Sci-Fi",Marc Webb
40,2011-06-24,Cars 2 2011,200000000,191450875,560155383,368704508,360155383,"Adventure,Animation,Comedy","Bradford Lewis, John Lasseter"
41,2018-11-16,Fantastic Beasts: The Crimes of Grindelwald 2018,200000000,159555901,652220086,492664185,452220086,"Adventure,Family,Fantasy",David Yates
42,2011-06-17,Green Lantern 2011,200000000,116601172,219535492,102934320,19535492,"Action,Adventure,Sci-Fi",Martin Campbell
43,2011-06-29,Transformers: Dark of the Moon 2011,195000000,352390543,1123790543,771400000,928790543,"Action,Adventure,Sci-Fi",Michael Bay
44,2017-06-09,The Mummy 2017,195000000,80101125,409953905,329852780,214953905,"Action,Adventure,Fantasy",Alex Kurtzman
45,2013-03-01,Jack the Giant Slayer 2013,195000000,65187603,197687603,132500000,2687603,"Adventure,Fantasy",Bryan Singer
46,2015-04-03,Furious 7 2015,190000000,353007020,1518722794,1165715774,1328722794,"Action,Crime,Thriller",James Wan
47,2013-05-16,Star Trek Into Darkness 2013,190000000,228778661,467381584,238602923,277381584,"Action,Adventure,Sci-Fi",J.J. Abrams
48,2013-06-21,World War Z 2013,190000000,202359711,531514650,329154939,341514650,"Action,Adventure,Horror",Marc Forster
49,2013-05-10,The Great Gatsby 2013,190000000,144840419,351040419,206200000,161040419,"Drama,Romance",Baz Luhrmann
50,2013-07-12,Pacific Rim 2013,190000000,101802906,411002906,309200000,221002906,"Action,Adventure,Sci-Fi",Guillermo del Toro
51,2015-11-25,The Good Dinosaur 2015,187500000,123087120,333771037,210683917,146271037,"Adventure,Animation,Comedy",Peter Sohn
52,2012-06-22,Brave 2012,185000000,237282182,554606532,317324350,369606532,"Adventure,Animation,Comedy","Brenda Chapman, Steve Purcell, Mark Andrews"
53,2017-03-10,Kong: Skull Island 2017,185000000,168052812,561072059,393019247,376072059,"Action,Adventure,Fantasy",Jordan Vogt-Roberts
54,2016-07-22,Star Trek Beyond 2016,185000000,158848340,335802233,176953893,150802233,"Action,Adventure,Sci-Fi",Justin Lin
55,2017-10-06,Blade Runner 2049 2017,185000000,92054159,259357408,167303249,74357408,"Drama,Mystery,Sci-Fi",Denis Villeneuve
56,2019-05-24,Aladdin 2019,182000000,246734314,619234314,372500000,437234314,"Adventure,Comedy,Family",Guy Ritchie
57,2017-11-03,Thor: Ragnarok 2017,180000000,315058289,846980024,531921735,666980024,"Action,Adventure,Comedy",Taika Waititi
58,2014-05-30,Maleficent 2014,180000000,241407328,758536735,517129407,578536735,"Action,Adventure,Family",Robert Stromberg
59,2016-11-18,Fantastic Beasts and Where to Find Them 2016,180000000,234037575,802402853,568365278,622402853,"Adventure,Family,Fantasy",David Yates
60,2016-07-01,The Legend of Tarzan 2016,180000000,126643061,348902025,222258964,168902025,"Action,Adventure,Drama",David Yates
61,2011-11-23,Hugo 2011,180000000,73864507,180047784,106183277,47784,"Adventure,Drama,Family",Martin Scorsese
62,2017-07-21,Valerian and the City of a Thousand Planets 2017,180000000,40479370,215098356,174618986,35098356,"Action,Adventure,Fantasy",Luc Besson
63,2015-02-06,Jupiter Ascending 2015,179000000,47482519,181982519,134500000,2982519,"Action,Adventure,Sci-Fi","Lilly Wachowski, Lana Wachowski"
64,2016-05-27,X-Men: Apocalypse 2016,178000000,155442489,542537546,387095057,364537546,"Action,Adventure,Sci-Fi",Bryan Singer
65,2018-08-10,The Meg 2018,178000000,145443742,529530715,384086973,351530715,"Action,Horror,Sci-Fi",Jon Turteltaub
66,2014-06-06,Edge of Tomorrow 2014,178000000,100206256,370541256,270335000,192541256,"Action,Sci-Fi",Doug Liman
67,2019-03-08,Captain Marvel 2019,175000000,426525952,1123061550,696535598,948061550,"Action,Adventure,Sci-Fi","Ryan Fleck, Anna Boden"
68,2016-04-15,The Jungle Book 2016,175000000,364001123,962854547,598853424,787854547,"Adventure,Drama,Family",Jon Favreau
69,2015-06-19,Inside Out 2015,175000000,356461711,854235992,497774281,679235992,"Adventure,Animation,Comedy","Pete Docter, Ronnie Del Carmen"
70,2017-07-07,Spider-Man: Homecoming 2017,175000000,334201140,880166350,545965210,705166350,"Action,Adventure,Sci-Fi",Jon Watts
71,2016-08-05,Suicide Squad 2016,175000000,325100054,746059887,420959833,571059887,"Action,Adventure,Fantasy",David Ayer
72,2017-11-22,Coco 2017,175000000,209726015,798008101,588282086,623008101,"Adventure,Animation,Comedy","Lee Unkrich, Adrian Molina"
73,2017-11-22,Coco 2017,175000000,209726015,798008101,588282086,623008101,Horror,Neil Boultby
74,2017-06-16,Cars 3 2017,175000000,152901115,383541369,230640254,208541369,"Adventure,Animation,Comedy",Brian Fee
75,2017-05-12,King Arthur: Legend of the Sword 2017,175000000,39175066,139630336,100455270,-35369664,"Action,Adventure,Drama",Guy Ritchie
76,2013-12-25,47 Ronin 2013,175000000,38362475,151716815,113354340,-23283185,"Action,Adventure,Drama",Carl Rinsch
77,2018-06-22,Jurassic World: Fallen Kingdom 2018,170000000,417719760,1305772799,888053039,1135772799,"Action,Adventure,Sci-Fi",J.A. Bayona
78,2014-08-01,Guardians of the Galaxy 2014,170000000,333172112,770867516,437695404,600867516,"Action,Adventure,Comedy",James Gunn
79,2010-05-07,Iron Man 2 2010,170000000,312433331,621156389,308723058,451156389,"Action,Adventure,Sci-Fi",Jon Favreau
80,2014-04-04,Captain America: The Winter Soldier 2014,170000000,259746958,714401889,454654931,544401889,"Action,Adventure,Sci-Fi","Anthony Russo, Joe Russo"
81,2014-07-11,Dawn of the Planet of the Apes 2014,170000000,208545589,710644566,502098977,540644566,"Action,Adventure,Drama",Matt Reeves
82,2012-06-01,Snow White and the Huntsman 2012,170000000,155136755,401021746,245884991,231021746,"Action,Adventure,Drama",Rupert Sanders
83,2019-03-29,Dumbo 2019,170000000,113883318,345004422,231121104,175004422,"Adventure,Family,Fantasy",Tim Burton
84,2015-05-22,Tomorrowland 2015,170000000,93436322,206627518,113191196,36627518,"Action,Adventure,Family",Brad Bird
85,2019-02-14,Alita: Battle Angel 2019,170000000,85710210,402976036,317265826,232976036,"Action,Adventure,Sci-Fi",Robert Rodriguez
86,2019-05-31,Godzilla: King of the Monsters 2019,170000000,85576941,299276941,213700000,129276941,"Action,Adventure,Fantasy",Michael Dougherty
87,2016-05-27,Alice Through the Looking Glass 2016,170000000,77042381,276928112,199885731,106928112,"Adventure,Family,Fantasy",James Bobin
88,2010-05-21,Shrek Forever After 2010,165000000,238736787,756244673,517507886,591244673,"Adventure,Animation,Comedy",Mike Mitchell
89,2016-11-04,Doctor Strange 2016,165000000,232641920,676404566,443762646,511404566,"Action,Adventure,Fantasy",Scott Derrickson
90,2014-11-07,Big Hero 6 2014,165000000,222527828,652127828,429600000,487127828,"Action,Adventure,Animation","Don Hall, Chris Williams"
91,2010-03-26,How to Train Your Dragon 2010,165000000,217581232,494870992,277289760,329870992,"Action,Adventure,Animation","Chris Sanders, Dean DeBlois"
92,2012-11-02,Wreck-It Ralph 2012,165000000,189412677,496511521,307098844,331511521,"Adventure,Animation,Comedy",Rich Moore
93,2014-11-05,Interstellar 2014,165000000,188017894,666379375,478361481,501379375,"Adventure,Drama,Sci-Fi",Christopher Nolan
94,2016-06-24,Independence Day: Resurgence 2016,165000000,103144286,384169424,281025138,219169424,"Action,Adventure,Sci-Fi",Roland Emmerich
95,2017-03-17,Beauty and the Beast 2017,160000000,504014165,1259199706,755185541,1099199706,"Family,Fantasy,Musical",Bill Condon
96,2018-12-21,Aquaman 2018,160000000,335061807,1146894640,811832833,986894640,"Action,Adventure,Fantasy",James Wan
97,2010-07-16,Inception 2010,160000000,292576195,835524642,542948447,675524642,"Action,Adventure,Sci-Fi",Christopher Nolan
98,2015-11-20,The Hunger Games: Mockingjay - Part 2 2015,160000000,281723902,648986787,367262885,488986787,"Action,Adventure,Sci-Fi",Francis Lawrence
99,2014-05-16,Godzilla 2014,160000000,200676069,529076069,328400000,369076069,"Action,Adventure,Sci-Fi",Gareth Edwards
100,2011-06-03,X-Men: First Class 2011,160000000,146408305,355408305,209000000,195408305,"Action,Adventure,Sci-Fi",Matthew Vaughn
101,2010-07-14,The Sorcerer's Apprentice 2010,160000000,63150991,217986320,154835329,57986320,"Action,Adventure,Family",Jon Turteltaub
102,2016-06-10,Warcraft 2016,160000000,47225655,425522281,378296626,265522281,"Action,Adventure,Fantasy",Duncan Jones
103,2016-09-30,Deepwater Horizon 2016,156000000,61433527,122603824,61170297,-33396176,"Action,Drama,History",Peter Berg
104,2010-12-10,The Chronicles of Narnia: The Voyage of the Dawn Treader 2010,155000000,104386950,418186950,313800000,263186950,"Adventure,Family,Fantasy",Michael Apted
105,2018-03-23,Pacific Rim: Uprising 2018,155000000,59874525,290930148,231055623,135930148,"Action,Adventure,Sci-Fi",Steven S. DeKnight
106,2017-07-14,War for the Planet of the Apes 2017,152000000,146880162,489592267,342712105,337592267,"Action,Adventure,Drama",Matt Reeves
107,2017-06-02,Wonder Woman 2017,150000000,412563408,821133378,408569970,671133378,"Action,Adventure,Fantasy",Patty Jenkins
108,2013-11-22,Frozen 2013,150000000,400738009,1272469910,871731901,1122469910,"Adventure,Animation,Comedy","Chris Buck, Jennifer Lee"
109,2016-03-04,Zootopia 2016,150000000,341268248,1019429616,678161368,869429616,"Adventure,Animation,Comedy","Byron Howard, Rich Moore, Jared Bush"
110,2016-11-23,Moana 2016,150000000,248757044,637517365,388760321,487517365,"Adventure,Animation,Comedy","Don Hall, Chris Williams, Ron Clements, John Musker"
111,2013-11-08,Thor: The Dark World 2013,150000000,206362140,644602516,438240376,494602516,"Action,Adventure,Fantasy",Alan Taylor
112,2017-07-21,Dunkirk 2017,150000000,190068280,499837368,309769088,349837368,"Action,Drama,History",Christopher Nolan
113,2011-05-06,Thor 2011,150000000,181030624,449326618,268295994,299326618,"Action,Adventure,Fantasy",Kenneth Branagh
114,2011-05-26,Kung Fu Panda 2 2011,150000000,165249063,664837547,499588484,514837547,"Action,Adventure,Animation",Jennifer Yuh Nelson
115,2015-05-15,Mad Max: Fury Road 2015,150000000,153636354,370098020,216461666,220098020,"Action,Adventure,Sci-Fi",George Miller
116,2018-03-29,Ready Player One 2018,150000000,137690172,579290136,441599964,429290136,"Action,Adventure,Sci-Fi",Steven Spielberg
117,2010-07-01,The Last Airbender 2010,150000000,131772187,319713881,187941694,169713881,"Action,Adventure,Family",M. Night Shyamalan
118,2012-03-30,Wrath of the Titans 2012,150000000,83670083,305270083,221600000,155270083,"Action,Adventure,Fantasy",Jonathan Liebesman
119,2012-05-11,Dark Shadows 2012,150000000,79727149,238202668,158475519,88202668,"Comedy,Fantasy,Horror",Tim Burton
120,2013-06-28,White House Down 2013,150000000,73103784,205440387,132336603,55440387,"Action,Drama,Thriller",Roland Emmerich
121,2010-02-12,The Wolfman 2010,150000000,62189884,142634358,80444474,-7365642,"Drama,Fantasy,Horror",Joe Johnston
122,2017-02-17,The Great Wall 2017,150000000,45157105,334486852,289329747,184486852,Documentary,Tadhg O'Sullivan
123,2015-10-09,Pan 2015,150000000,35088320,151525973,116437653,1525973,"Adventure,Comedy,Family",Joe Wright
124,2011-03-11,Mars Needs Moms 2011,150000000,21392758,39549758,18157000,-110450242,"Adventure,Animation,Family",Simon Wells
125,2012-06-08,Madagascar 3: Europe's Most Wanted 2012,145000000,216391482,746921271,530529789,601921271,"Adventure,Animation,Comedy","Tom McGrath, Conrad Vernon, Eric Darnell"
126,2014-06-13,How to Train Your Dragon 2 2014,145000000,177002924,614586270,437583346,469586270,"Action,Adventure,Animation",Dean DeBlois
127,2014-03-07,Mr. Peabody & Sherman 2014,145000000,111506430,269806430,158300000,124806430,"Adventure,Animation,Comedy",Rob Minkoff
128,2012-11-21,Rise of the Guardians 2012,145000000,103412758,306900902,203488144,161900902,"Action,Adventure,Animation",Peter Ramsey
129,2016-07-15,Ghostbusters 2016,144000000,128350574,229008658,100658084,85008658,"Action,Comedy,Fantasy",Paul Feig
130,2011-07-22,Captain America: The First Avenger 2011,140000000,176654505,370569776,193915271,230569776,"Action,Adventure,Sci-Fi",Joe Johnston
131,2016-01-29,Kung Fu Panda 3 2016,140000000,143528619,517599142,374070523,377599142,"Action,Adventure,Animation","Jennifer Yuh Nelson, Alessandro Carloni"
132,2013-03-27,G.I. Joe: Retaliation 2013,140000000,122523060,375740705,253217645,235740705,"Action,Adventure,Sci-Fi",Jon M. Chu
133,2014-12-12,Exodus: Gods and Kings 2014,140000000,65014513,268314513,203300000,128314513,"Action,Adventure,Drama",Ridley Scott
134,2016-07-01,The BFG 2016,140000000,55483770,199646680,144162910,59646680,"Adventure,Family,Fantasy",Steven Spielberg
135,2016-02-26,Gods of Egypt 2016,140000000,31153464,138836756,107683292,-1163244,"Action,Adventure,Fantasy",Alex Proyas
136,2013-03-22,The Croods 2013,135000000,187168425,573068425,385900000,438068425,"Action,Adventure,Animation","Chris Sanders, Kirk DeMicco"
137,2015-12-25,The Revenant 2015,135000000,183637894,532938302,349300408,397938302,"Action,Adventure,Biography",Alejandro G. IÃ±Ã¡rritu
138,2011-03-04,Rango 2011,135000000,123477607,245724600,122246993,110724600,"Adventure,Animation,Comedy",Gore Verbinski
139,2013-07-17,Turbo 2013,135000000,83028130,286896578,203868448,151896578,"Adventure,Animation,Comedy",David Soren
140,2016-06-03,Teenage Mutant Ninja Turtles: Out of the Shadows 2016,135000000,82051601,245328374,163276773,110328374,"Action,Adventure,Comedy",Dave Green
141,2011-11-18,Happy Feet Two 2011,135000000,64006466,157956466,93950000,22956466,"Adventure,Animation,Comedy","George Miller, Gary Eck, David Peers"
142,2018-11-02,The Nutcracker and the Four Realms 2018,132900000,54858851,170293899,115435048,37393899,"Adventure,Family,Fantasy","Joe Johnston, Lasse HallstrÃ¶m"
143,2014-11-26,Penguins of Madagascar 2014,132000000,83350911,366942531,283591620,234942531,"Adventure,Animation,Comedy","Eric Darnell, Simon J. Smith"
144,2013-11-22,The Hunger Games: Catching Fire 2013,130000000,424668047,864868047,440200000,734868047,"Action,Adventure,Sci-Fi",Francis Lawrence
145,2018-07-06,Ant-Man and the Wasp 2018,130000000,216648740,623144660,406495920,493144660,"Action,Adventure,Comedy",Peyton Reed
146,2015-07-17,Ant-Man 2015,130000000,180202163,518858449,338656286,388858449,"Action,Adventure,Comedy",Peyton Reed
147,2015-03-27,Home 2015,130000000,177397510,385997896,208600386,255997896,"Adventure,Animation,Comedy",Tim Johnson
148,2015-03-27,Home 2015,130000000,177397510,385997896,208600386,255997896,Documentary,Ryan Lee
149,2015-03-27,Home 2015,130000000,177397510,385997896,208600386,255997896,Drama,Ben Ducker
150,2015-03-27,Home 2015,130000000,177397510,385997896,208600386,255997896,Documentary,Asaf Lavi Harel
151,2018-12-19,Mary Poppins Returns 2018,130000000,171958438,341528518,169570080,211528518,"Comedy,Family,Fantasy",Rob Marshall
152,2011-10-28,Puss in Boots 2011,130000000,149260504,554987477,405726973,424987477,"Action,Adventure,Animation",Chris Miller
153,2010-11-05,Megamind 2010,130000000,148415853,321887208,173471355,191887208,"Action,Animation,Comedy",Tom McGrath
154,2014-04-11,Rio 2 2014,130000000,131538435,492846291,361307856,362846291,"Adventure,Animation,Comedy",Carlos Saldanha
155,2010-07-23,Salt 2010,130000000,118311368,290650494,172339126,160650494,"Action,Mystery,Thriller",Phillip Noyce
156,2014-03-28,Noah 2014,130000000,101200044,352831065,251631021,222831065,"Action,Adventure,Drama",Darren Aronofsky
157,2011-12-21,The Adventures of Tintin 2011,130000000,77591831,373993951,296402120,243993951,"Action,Adventure,Animation",Steven Spielberg
158,2013-05-31,After Earth 2013,130000000,60522097,251499665,190977568,121499665,"Action,Adventure,Drama",M. Night Shyamalan
159,2013-07-19,R.I.P.D. 2013,130000000,33618855,79076678,45457823,-50923322,"Action,Adventure,Comedy",Robert Schwentke
160,2019-02-22,How to Train Your Dragon: The Hidden World 2019,129000000,160791800,519258283,358466483,390258283,"Action,Adventure,Animation",Dean DeBlois
161,2017-03-03,Logan 2017,127000000,226277068,615461394,389184326,488461394,"Action,Drama,Sci-Fi",James Mangold
162,2014-12-19,Night at the Museum: Secret of the Tomb 2014,127000000,113746621,353756621,240010000,226756621,"Adventure,Comedy,Family",Shawn Levy
163,2014-11-21,The Hunger Games: Mockingjay - Part 1 2014,125000000,337135885,766575131,429439246,641575131,"Action,Adventure,Sci-Fi",Francis Lawrence
164,2011-04-29,Fast Five 2011,125000000,210031325,630163454,420132129,505163454,"Action,Crime,Thriller",Justin Lin
165,2014-08-08,Teenage Mutant Ninja Turtles 2014,125000000,191204754,485004754,293800000,360004754,"Action,Adventure,Comedy",Jonathan Liebesman
166,2011-12-16,Sherlock Holmes: A Game of Shadows 2011,125000000,186848418,535663443,348815025,410663443,"Action,Adventure,Crime",Guy Ritchie
167,2017-03-31,The Boss Baby 2017,125000000,175003033,510878762,335875729,385878762,"Adventure,Animation,Comedy",Tom McGrath
168,2010-04-01,Clash of the Titans 2010,125000000,163214888,493214888,330000000,368214888,"Action,Adventure,Fantasy",Louis Leterrier
169,2016-11-04,Trolls 2016,125000000,153707064,344150134,190443070,219150134,"Adventure,Animation,Comedy","Mike Mitchell, Walt Dohrn"
170,2012-06-08,Prometheus 2012,125000000,126477084,402448265,275971181,277448265,"Adventure,Mystery,Sci-Fi",Ridley Scott
171,2012-08-10,The Bourne Legacy 2012,125000000,113203870,280355920,167152050,155355920,"Action,Adventure,Thriller",Tony Gilroy
172,2018-07-13,Skyscraper 2018,125000000,68420120,304115534,235695414,179115534,"Action,Adventure,Thriller",Rawson Marshall Thurber
173,2012-08-03,Total Recall 2012,125000000,58877969,211856088,152978119,86856088,"Action,Adventure,Mystery",Len Wiseman
174,2016-07-29,Jason Bourne 2016,120000000,162192920,416168316,253975396,296168316,"Action,Thriller",Paul Greengrass
175,2012-11-21,Life of Pi 2012,120000000,124987022,620912003,495924981,500912003,"Adventure,Drama,Fantasy",Ang Lee
176,2018-04-13,Rampage 2018,120000000,101028233,428056280,327028047,308056280,"Action,Adventure,Sci-Fi",Brad Peyton
177,2013-08-09,Elysium 2013,120000000,93050117,286192091,193141974,166192091,"Action,Drama,Sci-Fi",Neill Blomkamp
178,2013-04-19,Oblivion 2013,120000000,89107235,287916633,198809398,167916633,"Action,Adventure,Sci-Fi",Joseph Kosinski
179,2017-03-24,Power Rangers 2017,120000000,85364450,142531552,57167102,22531552,"Action,Adventure,Sci-Fi",Dean Israelite
180,2014-02-12,RoboCop 2014,120000000,58607007,242981799,184374792,122981799,"Action,Crime,Sci-Fi",JosÃ© Padilha
181,2015-08-07,Fantastic Four 2015,120000000,56117548,167849187,111731639,47849187,"Action,Adventure,Drama",Josh Trank
182,2010-06-23,Knight and Day 2010,117000000,76423035,258751370,182328335,141751370,"Action,Adventure,Comedy",James Mangold
183,2018-10-05,Venom 2018,116000000,213511408,853628605,640117197,737628605,"Action,Sci-Fi,Thriller",Ruben Fleischer
184,2013-07-26,The Wolverine 2013,115000000,132556852,416456852,283900000,301456852,"Action,Adventure,Sci-Fi",James Mangold
185,2010-12-25,Gulliver's Travels 2010,112000000,42779261,232017848,189238587,120017848,"Adventure,Comedy,Family",Rob Letterman
186,2017-12-15,Ferdinand 2017,111000000,84410380,289847930,205437550,178847930,"Adventure,Animation,Comedy",Carlos Saldanha
187,2018-05-18,Deadpool 2 2018,110000000,324591735,786680557,462088822,676680557,"Action,Adventure,Comedy",David Leitch
188,2013-10-04,Gravity 2013,110000000,274092705,693698673,419605968,583698673,"Drama,Sci-Fi,Thriller",Alfonso CuarÃ³n
189,2015-05-29,San Andreas 2015,110000000,155190832,456258539,301067707,346258539,"Action,Adventure,Drama",Brad Peyton
190,2011-07-29,The Smurfs 2011,110000000,142614158,563749323,421135165,453749323,"Adventure,Animation,Comedy",Raja Gosnell
191,2014-03-07,300: Rise of an Empire 2014,110000000,106580051,330780051,224200000,220780051,"Action,Fantasy,War",Noam Murro
192,2016-12-21,Passengers 2016,110000000,100014699,302239672,202224973,192239672,"Drama,Romance,Sci-Fi",Morten Tyldum
193,2011-01-14,The Green Hornet 2011,110000000,98780042,229155503,130375461,119155503,"Action,Comedy,Crime",Michel Gondry
194,2011-10-07,Real Steel 2011,110000000,85463309,263880341,178417032,153880341,"Action,Drama,Family",Shawn Levy
195,2010-06-11,The A-Team 2010,110000000,77222099,177241171,100019072,67241171,"Action,Adventure,Thriller",Joe Carnahan
196,2013-07-31,The Smurfs 2 2013,110000000,71017784,348547523,277529739,238547523,"Adventure,Animation,Comedy",Raja Gosnell
197,2013-11-01,Ender's Game 2013,110000000,61737191,127983283,66246092,17983283,"Action,Adventure,Fantasy",Gavin Hood
198,2017-03-31,Ghost in the Shell 2017,110000000,40563557,167910690,127347133,57910690,"Action,Drama,Sci-Fi",Rupert Sanders
199,2019-06-14,Men in Black: International 2019,110000000,3100000,3100000,0,-106900000,"Action,Adventure,Comedy",F. Gary Gray
200,2015-10-02,The Martian 2015,108000000,228433663,655271443,426837780,547271443,"Adventure,Drama,Sci-Fi",Ridley Scott
201,2016-11-23,Allied 2016,106000000,40098064,119266661,79168597,13266661,"Action,Drama,Romance",Robert Zemeckis
202,2016-07-22,Ice Age: Collision Course 2016,105000000,64063008,402156682,338093674,297156682,"Adventure,Animation,Comedy","Mike Thurmeier, Galen T. Chu"
203,2017-09-22,Kingsman: The Golden Circle 2017,104000000,100234838,408803696,308568858,304803696,"Action,Adventure,Comedy",Matthew Vaughn
204,2018-03-09,A Wrinkle in Time 2018,103000000,100478608,133401882,32923274,30401882,"Adventure,Family,Fantasy",Ava DuVernay
205,2018-12-21,Bumblebee 2018,102000000,127195589,465195589,338000000,363195589,"Action,Adventure,Sci-Fi",Travis Knight
206,2012-10-26,Cloud Atlas 2012,102000000,27108272,130673154,103564882,28673154,"Action,Drama,Mystery","Lilly Wachowski, Lana Wachowski, Tom Tykwer"
207,2012-12-25,Django Unchained 2012,100000000,162805434,449948323,287142889,349948323,"Drama,Western",Quentin Tarantino
208,2010-12-22,Little Fockers 2010,100000000,148438600,310650574,162211974,210650574,"Comedy,Romance",Paul Weitz
209,2010-08-06,The Other Guys 2010,100000000,119219978,170936470,51716492,70936470,"Action,Comedy,Crime",Adam McKay
210,2013-12-25,The Wolf of Wall Street 2013,100000000,116900694,389870414,272969720,289870414,"Biography,Crime,Drama",Martin Scorsese
211,2013-05-24,Epic 2013,100000000,107518682,262794441,155275759,162794441,"Adventure,Animation,Family",Chris Wedge
212,2012-08-17,The Expendables 2 2012,100000000,85028192,311979256,226951064,211979256,"Action,Adventure,Thriller",Simon West
213,2014-07-25,Hercules 2014,100000000,72688614,243388614,170700000,143388614,"Action,Adventure,Fantasy",Brett Ratner
214,2014-07-25,Hercules 2014,100000000,72688614,243388614,170700000,143388614,Comedy,"Sudeshna Roy, Abhijit Guha"
215,2010-12-10,The Tourist 2010,100000000,67631157,278731369,211100212,178731369,"Action,Adventure,Thriller",Florian Henckel von Donnersmarck
216,2010-09-24,Legend of the Guardians: The Owls of Ga'Hoole 2010,100000000,55675313,139716717,84041404,39716717,"Action,Adventure,Animation",Zack Snyder
217,2019-03-15,Wonder Park 2019,100000000,45216793,115149422,69932629,15149422,"Adventure,Animation,Comedy",Dylan Brown
218,2014-08-15,The Expendables 3 2014,100000000,39322544,209461378,170138834,109461378,"Action,Adventure,Thriller",Patrick Hughes
219,2010-03-12,Green Zone 2010,100000000,35497337,97523020,62025683,-2476980,"Action,Drama,Thriller",Paul Greengrass
220,2017-10-20,Geostorm 2017,100000000,33700160,220796009,187095849,120796009,"Action,Sci-Fi,Thriller",Dean Devlin
221,2015-12-25,Point Break 2015,100000000,28782481,126704591,97922110,26704591,"Action,Crime,Sport",Ericson Core
222,2015-12-11,In the Heart of the Sea 2015,100000000,25020758,89693309,64672551,-10306691,"Action,Adventure,Biography",Ron Howard
223,2014-04-18,Transcendence 2014,100000000,23022309,103039258,80016949,3039258,"Action,Drama,Sci-Fi",Wally Pfister
224,2018-12-14,Mortal Engines 2018,100000000,15951040,85287417,69336377,-14712583,"Action,Adventure,Fantasy",Christian Rivers
225,2015-11-06,The Peanuts Movie 2015,99000000,130178411,250091610,119913199,151091610,"Adventure,Animation,Comedy",Steve Martino
226,2018-11-21,Robin Hood 2018,99000000,30824628,84747441,53922813,-14252559,"Action,Adventure,Thriller",Otto Bathurst
227,2017-05-19,Alien: Covenant 2017,97000000,74262031,238521247,164259216,141521247,"Horror,Sci-Fi,Thriller",Ridley Scott
228,2015-03-13,Cinderella 2015,95000000,201151353,534551353,333400000,439551353,"Drama,Family,Fantasy",Kenneth Branagh
229,2015-03-13,Cinderella 2015,95000000,201151353,534551353,333400000,439551353,Fantasy,Kiran Nakti
230,2012-07-13,Ice Age: Continental Drift 2012,95000000,161321843,879765137,718443294,784765137,"Adventure,Animation,Comedy","Mike Thurmeier, Steve Martino"
231,2010-05-27,Sex and the City 2 2010,95000000,95347692,294680778,199333086,199680778,"Comedy,Drama,Romance",Michael Patrick King
232,2010-02-12,Percy Jackson & the Olympians: The Lightning Thief 2010,95000000,88768303,223050874,134282571,128050874,"Adventure,Family,Fantasy",Chris Columbus
233,2012-08-10,The Campaign 2012,95000000,86907746,104907746,18000000,9907746,Comedy,Jay Roach
234,2010-11-12,Unstoppable 2010,95000000,81562942,165720921,84157979,70720921,"Action,Thriller",Tony Scott
235,2016-08-19,Ben-Hur 2016,95000000,26410477,91669648,65259171,-3330352,"Action,Adventure,Drama",Timur Bekmambetov
236,2011-08-05,Rise of the Planet of the Apes 2011,93000000,176760185,470986200,294226015,377986200,"Action,Drama,Sci-Fi",Rupert Wyatt
237,2013-02-14,A Good Day to Die Hard 2013,92000000,67349198,304249198,236900000,212249198,"Action,Thriller",John Moore
238,2013-12-25,The Secret Life of Walter Mitty 2013,91000000,58236838,187861183,129624345,96861183,"Adventure,Comedy,Drama",Ben Stiller
239,2017-12-20,Jumanji: Welcome to the Jungle 2017,90000000,404508916,964496193,559987277,874496193,"Action,Adventure,Comedy",Jake Kasdan
240,2011-04-15,Rio 2011,90000000,143619809,487519809,343900000,397519809,"Adventure,Animation,Comedy",Carlos Saldanha
241,2011-12-20,The Girl with the Dragon Tattoo 2011,90000000,102515793,239373970,136858177,149373970,"Crime,Drama,Mystery",David Fincher
242,2016-09-23,The Magnificent Seven 2016,90000000,93432655,162525156,69092501,72525156,"Action,Adventure,Western",Antoine Fuqua
243,2015-12-18,Alvin and the Chipmunks: The Road Chip 2015,90000000,85886987,249517956,163630969,159517956,"Adventure,Animation,Comedy",Walt Becker
244,2015-07-24,Pixels 2015,90000000,78765986,244041804,165275818,154041804,"Action,Comedy,Sci-Fi",Chris Columbus
245,2013-08-07,Percy Jackson: Sea of Monsters 2013,90000000,68559554,200859554,132300000,110859554,"Adventure,Family,Fantasy",Thor Freudenthal
246,2016-06-10,Now You See Me 2 2016,90000000,65075540,328325007,263249467,238325007,"Action,Adventure,Comedy",Jon M. Chu
247,2018-03-16,Tomb Raider 2018,90000000,58250803,273477501,215226698,183477501,"Action,Adventure,Fantasy",Roar Uthaug
248,2011-08-19,Conan the Barbarian 2011,90000000,21295021,63356133,42061112,-26643867,"Action,Adventure,Fantasy",Marcus Nispel
249,2011-10-21,The Three Musketeers 2011,90000000,20377913,139877913,119500000,49877913,"Action,Adventure,Romance",Paul W.S. Anderson
250,2017-04-21,The Promise 2017,90000000,8224288,10551417,2327129,-79448583,Drama,Edwine Dorival
251,2017-04-21,The Promise 2017,90000000,8224288,10551417,2327129,-79448583,Comedy,"Daniel Beard, Candy J. Beard"
252,2017-04-21,The Promise 2017,90000000,8224288,10551417,2327129,-79448583,"Drama,Horror,Thriller",Sophon Sakdaphisit
253,2017-04-21,The Promise 2017,90000000,8224288,10551417,2327129,-79448583,Drama,Edwine Dorival
254,2010-11-24,The Nutcracker in 3D 2010,90000000,195459,20466016,20270557,-69533984,"Action,Family,Fantasy",Andrey Konchalovskiy
255,2017-12-13,Bright 2017,90000000,0,0,0,-90000000,"Action,Crime,Fantasy",David Ayer
256,2018-09-14,The Predator 2018,88000000,51024708,159487563,108462855,71487563,"Action,Adventure,Sci-Fi",Shane Black
257,2014-03-21,Divergent 2014,85000000,150947895,276014965,125067070,191014965,"Action,Adventure,Mystery",Neil Burger
258,2012-09-28,Hotel Transylvania 2012,85000000,148313048,378505812,230192764,293505812,"Animation,Comedy,Family",Genndy Tartakovsky
259,2019-04-05,Shazam! 2019,85000000,139606856,362899733,223292877,277899733,"Action,Adventure,Comedy",David F. Sandberg
260,2012-02-10,Safe House 2012,85000000,126181630,208542162,82360532,123542162,"Action,Adventure,Crime",Daniel Espinosa
261,2011-11-04,Tower Heist 2011,85000000,78046570,150422946,72376376,65422946,"Action,Comedy,Crime",Brett Ratner
262,2012-03-30,Mirror Mirror 2012,85000000,64935167,173613482,108678315,88613482,"Adventure,Comedy,Drama",Tarsem Singh
263,2011-11-23,Arthur Christmas 2011,85000000,46462469,149717124,103254655,64717124,"Adventure,Animation,Comedy","Sarah Smith, Barry Cook"
264,2017-01-20,xXx: Return of Xander Cage 2017,85000000,44898413,345033359,300134946,260033359,"Action,Adventure,Thriller",D.J. Caruso
265,2010-07-30,Cats & Dogs: The Revenge of Kitty Galore 2010,85000000,43585753,113026383,69440630,28026383,"Action,Comedy,Family",Brad Peyton
266,2017-12-20,The Greatest Showman 2017,84000000,174340174,386665550,212325376,302665550,"Biography,Drama,Musical",Michael Gracey
267,2013-07-19,RED 2 2013,84000000,53262560,141507355,88244795,57507355,"Action,Comedy,Crime",Dean Parisot
268,2010-08-13,The Expendables 2010,82000000,103068524,268268174,165199650,186268174,"Action,Adventure,Thriller",Sylvester Stallone
269,2020-02-21,Call of the Wild 2020,82000000,0,0,0,-82000000,"Adventure,Animation,Family",Chris Sanders
270,2012-03-23,The Hunger Games 2012,80000000,408010692,677923379,269912687,597923379,"Action,Adventure,Sci-Fi",Gary Ross
271,2011-05-26,The Hangover Part II 2011,80000000,254464305,586464305,332000000,506464305,"Comedy,Mystery",Todd Phillips
272,2017-02-10,The Lego Batman Movie 2017,80000000,175750384,310660018,134909634,230660018,"Action,Animation,Comedy",Chris McKay
273,2015-09-25,Hotel Transylvania 2 2015,80000000,169700110,469500298,299800188,389500298,"Animation,Comedy,Family",Genndy Tartakovsky
274,2013-07-12,Grown Ups 2 2013,80000000,133668525,247023808,113355283,167023808,Comedy,Dennis Dugan
275,2011-12-16,Alvin and the Chipmunks: Chipwrecked 2011,80000000,133107389,349088523,215981134,269088523,"Adventure,Animation,Comedy",Mike Mitchell
276,2010-02-19,Shutter Island 2010,80000000,128012934,299461782,171448848,219461782,"Mystery,Thriller",Martin Scorsese
277,2010-12-17,Yogi Bear 2010,80000000,100246011,204774690,104528679,124774690,"Adventure,Animation,Comedy",Eric Brevig
278,2010-01-15,The Book of Eli 2010,80000000,94835059,158750817,63915758,78750817,"Action,Adventure,Drama","Albert Hughes, Allen Hughes"
279,2014-10-17,Fury 2014,80000000,85817906,210315681,124497775,130315681,"Action,Drama,War",David Ayer
280,2018-09-28,Smallfoot 2018,80000000,83240103,213691277,130451174,133691277,"Adventure,Animation,Comedy","Karey Kirkpatrick, Jason Reisig"
281,2011-07-08,Zookeeper 2011,80000000,80360866,170805525,90444659,90805525,"Comedy,Family,Romance",Frank Coraci
282,2019-06-07,The Secret Life of Pets 2 2019,80000000,63795655,113351496,49555841,33351496,"Adventure,Animation,Comedy","Jonathan del Val, Chris Renaud"
283,2015-10-23,The Last Witch Hunter 2015,80000000,27367660,130818912,103451252,50818912,"Action,Adventure,Fantasy",Breck Eisner
284,2014-02-21,Pompeii 2014,80000000,23169033,108469033,85300000,28469033,"Action,Adventure,Drama",Paul W.S. Anderson
285,2012-02-10,Journey 2: The Mysterious Island 2012,79000000,103860290,318146162,214285872,239146162,"Action,Adventure,Comedy",Brad Peyton
286,2011-11-11,Jack and Jill 2011,79000000,74158157,150519217,76361060,71519217,Comedy,Dennis Dugan
287,2013-09-27,Cloudy with a Chance of Meatballs 2 2013,78000000,119793567,274392649,154599082,196392649,"Adventure,Animation,Comedy","Cody Cameron, Kris Pearn"
288,2018-07-20,The Equalizer 2 2018,77000000,102084362,190453132,88368770,113453132,"Action,Crime,Thriller",Antoine Fuqua
289,2013-07-03,Despicable Me 2 2013,76000000,368065385,975216835,607151450,899216835,"Adventure,Animation,Comedy","Chris Renaud, Pierre Coffin"
290,2016-07-08,The Secret Life of Pets 2016,75000000,368384330,886750534,518366204,811750534,"Adventure,Animation,Comedy","Chris Renaud, Yarrow Cheney"
291,2016-12-21,Sing 2016,75000000,270329045,634454789,364125744,559454789,"Animation,Comedy,Family","Christophe Lourdelet, Garth Jennings"
292,2017-06-30,Despicable Me 3 2017,75000000,264624300,1034727750,770103450,959727750,"Adventure,Animation,Comedy","Pierre Coffin, Kyle Balda, Eric Guillon"
293,2010-06-25,Grown Ups 2010,75000000,162001186,272223430,110222244,197223430,Comedy,Dennis Dugan
294,2013-05-31,Now You See Me 2013,75000000,117723989,342769200,225045211,267769200,"Crime,Mystery,Thriller",Louis Leterrier
295,2018-08-03,Christopher Robin 2018,75000000,99215042,197504758,98289716,122504758,"Adventure,Animation,Comedy",Marc Forster
296,2011-11-11,Immortals 2011,75000000,83504017,211562435,128058418,136562435,"Action,Drama,Fantasy",Tarsem Singh
297,2010-06-04,Killers 2010,75000000,47059963,95572749,48512786,20572749,"Action,Comedy,Romance",Robert Luketic
298,2011-03-25,Sucker Punch 2011,75000000,36392502,89758389,53365887,14758389,"Action,Adventure,Fantasy",Zack Snyder
299,2016-10-28,Inferno 2016,75000000,34343574,219519367,185175793,144519367,"Action,Adventure,Crime",Ron Howard
300,2015-07-10,Minions 2015,74000000,336045770,1160336173,824290403,1086336173,"Adventure,Animation,Comedy","Pierre Coffin, Kyle Balda"
301,2015-02-06,The SpongeBob Movie: Sponge Out of Water 2015,74000000,162994032,311013181,148019149,237013181,"Adventure,Animation,Comedy","Mike Mitchell, Paul Tibbitt"
302,2016-05-20,The Angry Birds Movie 2016,73000000,107509366,352327887,244818521,279327887,"Action,Animation,Comedy","Clay Kaytis, Fergal Reilly"
303,2013-03-22,Olympus Has Fallen 2013,70000000,98927592,172878928,73951336,102878928,"Action,Thriller",Antoine Fuqua
304,2011-12-25,War Horse 2011,70000000,79883359,156815529,76932170,86815529,"Drama,History,War",Steven Spielberg
305,2014-02-07,The Monuments Men 2014,70000000,78031620,158702748,80671128,88702748,"Comedy,Drama,History",George Clooney
306,2016-09-23,Storks 2016,70000000,72679278,183353431,110674153,113353431,"Adventure,Animation,Comedy","Doug Sweetland, Nicholas Stoller"
307,2017-09-22,The Lego Ninjago Movie 2017,70000000,59281555,122737201,63455646,52737201,"Action,Adventure,Animation","Charlie Bean, Paul Fisher, Bob Logan"
308,2014-10-10,Dracula Untold 2014,70000000,55991880,220241723,164249843,150241723,"Action,Drama,Fantasy",Gary Shore
309,2011-01-14,The Dilemma 2011,70000000,48475290,70546865,22071575,546865,"Comedy,Drama",Ron Howard
310,2012-06-15,Rock of Ages 2012,70000000,38518613,61031932,22513319,-8968068,"Comedy,Drama,Musical",Adam Shankman
311,2016-01-29,The Finest Hours 2016,70000000,27569558,49252761,21683203,-20747239,"Action,Drama,History",Craig Gillespie
312,2013-10-18,Escape Plan 2013,70000000,25135965,103735965,78600000,33735965,"Action,Crime,Mystery",Mikael HÃ¥fstrÃ¶m
313,2011-09-23,Killer Elite 2011,70000000,25124986,65409046,40284060,-4590954,"Action,Crime,Thriller",Gary McKendry
314,2014-01-10,The Legend of Hercules 2014,70000000,18848538,58953319,40104781,-11046681,"Action,Adventure,Fantasy",Renny Harlin
315,2015-01-16,Blackhat 2015,70000000,8005980,19665004,11659024,-50334996,"Action,Crime,Thriller",Michael Mann
316,2010-07-09,Despicable Me 2010,69000000,251513985,543464573,291950588,474464573,"Animation,Comedy,Family","Chris Renaud, Pierre Coffin"
317,2010-07-30,Dinner for Schmucks 2010,69000000,73026337,86796502,13770165,17796502,Comedy,Jay Roach
318,2018-03-02,Red Sparrow 2018,69000000,46874505,145951861,99077356,76951861,"Action,Drama,Thriller",Francis Lawrence
319,2010-06-30,The Twilight Saga: Eclipse 2010,68000000,300531751,706102828,405571077,638102828,"Adventure,Drama,Fantasy",David Slade
320,2015-06-26,Ted 2 2015,68000000,81476385,217214143,135737758,149214143,Comedy,Seth MacFarlane
321,2011-02-25,Hall Pass 2011,68000000,45060734,87173475,42112741,19173475,"Comedy,Romance","Bobby Farrelly, Peter Farrelly"
322,2017-12-22,Downsizing 2017,68000000,24449754,54462971,30013217,-13537029,"Drama,Sci-Fi",Alexander Payne
323,2012-06-22,Abraham Lincoln: Vampire Hunter 2012,67500000,37519139,137489730,99970591,69989730,"Action,Fantasy,Horror",Timur Bekmambetov
324,2014-03-14,Need for Speed 2014,66000000,43568507,194169619,150601112,128169619,"Action,Crime,Thriller",Scott Waugh
325,2012-11-09,Lincoln 2012,65000000,182207973,273346281,91138308,208346281,"Biography,Drama,History",Steven Spielberg
326,2018-07-13,Hotel Transylvania 3: Summer Vacation 2018,65000000,167500092,527079962,359579870,462079962,"Adventure,Animation,Comedy",Genndy Tartakovsky
327,2014-12-25,Unbroken 2014,65000000,115637895,163527824,47889929,98527824,"Biography,Drama,Sport",Angelina Jolie
328,2010-11-05,Due Date 2010,65000000,100539043,211739043,111200000,146739043,"Adventure,Comedy",Todd Phillips
329,2014-12-19,Annie 2014,65000000,85911262,139829625,53918363,74829625,"Comedy,Drama,Family",Will Gluck
330,2012-05-16,The Dictator 2012,65000000,59650222,180148897,120498675,115148897,Comedy,Larry Charles
331,2012-02-17,This Means War 2012,65000000,54760791,156974557,102213766,91974557,"Action,Comedy,Romance",McG
332,2015-02-27,Focus 2015,65000000,53862963,168065700,114202737,103065700,"Comedy,Crime,Drama","John Requa, Glenn Ficarra"
333,2012-11-21,Red Dawn 2012,65000000,44806783,48164150,3357367,-16835850,"Action,Sci-Fi,Thriller",Dan Bradley
334,2015-09-18,Everest 2015,65000000,43482270,221297061,177814791,156297061,"Action,Adventure,Biography",Baltasar KormÃ¡kur
335,2012-09-14,Resident Evil: Retribution 2012,65000000,42345531,240647629,198302098,175647629,"Action,Horror,Sci-Fi",Paul W.S. Anderson
336,2014-01-24,"I, Frankenstein 2014",65000000,19075290,74575290,55500000,9575290,"Action,Fantasy,Horror",Stuart Beattie
337,2014-08-22,Sin City: A Dame to Kill For 2014,65000000,13757804,40650842,26893038,-24349158,"Crime,Thriller","Robert Rodriguez, Frank Miller"
338,2016-12-25,Live by Night 2016,65000000,10378555,21774432,11395877,-43225568,"Action,Crime,Drama",Ben Affleck
339,2018-10-26,Air Strike 2018,65000000,0,516279,516279,-64483721,"Action,Adventure,Drama",Xiao Feng
340,2011-04-01,Hop 2011,63000000,108085305,188657593,80572288,125657593,"Adventure,Animation,Comedy",Tim Hill
341,2017-09-15,American Assassin 2017,63000000,36249674,68310140,32060466,5310140,"Action,Thriller",Michael Cuesta
342,2015-12-25,The Hateful Eight 2015,62000000,54117416,147864886,93747470,85864886,"Crime,Drama,Mystery",Quentin Tarantino
343,2014-10-03,Gone Girl 2014,61000000,167767189,368567189,200800000,307567189,"Drama,Mystery,Thriller",David Fincher
344,2015-09-18,Maze Runner: The Scorch Trials 2015,61000000,81697192,310566162,228868970,249566162,"Action,Sci-Fi,Thriller",Wes Ball
345,2013-08-02,2 Guns 2013,61000000,75612460,132493015,56880555,71493015,"Action,Comedy,Crime",Baltasar KormÃ¡kur
346,2014-02-07,The Lego Movie 2014,60000000,257784718,457729388,199944670,397729388,"Action,Adventure,Animation","Phil Lord, Christopher Miller"
347,2016-09-09,Sully 2016,60000000,125070033,238524556,113454523,178524556,"Biography,Drama",Clint Eastwood
348,2010-08-13,Eat Pray Love 2010,60000000,80574010,206598789,126024779,146598789,"Drama,Romance",Ryan Murphy
349,2012-12-21,Jack Reacher 2012,60000000,80070736,217370736,137300000,157370736,"Action,Crime,Thriller",Christopher McQuarrie
350,2011-09-09,Contagion 2011,60000000,75658097,137551594,61893497,77551594,"Action,Drama,Thriller",Steven Soderbergh
351,2016-03-04,London Has Fallen 2016,60000000,62524260,195194085,132669825,135194085,"Action,Thriller",Babak Najafi
352,2016-10-21,Jack Reacher: Never Go Back 2016,60000000,58697076,159946489,101249413,99946489,"Action,Thriller",Edward Zwick
353,2017-05-25,Baywatch 2017,60000000,58060186,175863783,117803597,115863783,"Action,Comedy,Crime",Seth Gordon
354,2015-12-25,Joy 2015,60000000,56451232,101134059,44682827,41134059,Drama,David O. Russell
355,2012-08-17,ParaNorman 2012,60000000,56003051,108119662,52116611,48119662,"Adventure,Animation,Comedy","Chris Butler, Sam Fell"
356,2014-09-26,The Boxtrolls 2014,60000000,50837305,111946251,61108946,51946251,"Adventure,Animation,Comedy","Graham Annable, Anthony Stacchi"
357,2017-08-04,The Dark Tower 2017,60000000,50701325,113461527,62760202,53461527,"Action,Adventure,Fantasy",Nikolaj Arcel
358,2014-01-17,Jack Ryan: Shadow Recruit 2014,60000000,50577412,131377412,80800000,71377412,"Action,Drama,Thriller",Kenneth Branagh
359,2018-12-25,Vice 2018,60000000,47836282,70883171,23046889,10883171,"Biography,Comedy,Drama",Adam McKay
360,2013-01-11,Gangster Squad 2013,60000000,46000903,104100903,58100000,44100903,"Action,Crime,Drama",Ruben Fleischer
361,2017-04-07,Smurfs: The Lost Village 2017,60000000,45020282,197578586,152558304,137578586,"Adventure,Animation,Comedy",Kelly Asbury
362,2018-10-12,First Man 2018,60000000,44936545,105203825,60267280,45203825,"Biography,Drama,History",Damien Chazelle
363,2010-01-29,Edge of Darkness 2010,60000000,43313890,82812456,39498566,22812456,"Crime,Drama,Mystery",Martin Campbell
364,2012-09-21,Trouble with the Curve 2012,60000000,35763137,47818913,12055776,-12181087,"Drama,Sport",Robert Lorenz
365,2019-02-08,Cold Pursuit 2019,60000000,32138862,62599159,30460297,2599159,"Action,Crime,Drama",Hans Petter Moland
366,2013-08-21,The Mortal Instruments: City of Bones 2013,60000000,31165421,75965567,44800146,15965567,"Action,Fantasy,Horror",Harald Zwart
367,2011-05-13,Priest 2011,60000000,29136626,84154026,55017400,24154026,"Action,Adventure,Fantasy",Scott Stewart
368,2015-01-23,Mortdecai 2015,60000000,7696134,30396134,22700000,-29603866,"Action,Comedy,Crime",David Koepp
369,2015-12-11,The Ridiculous 6 2015,60000000,0,0,0,-60000000,"Comedy,Western",Frank Coraci
370,2019-11-08,Midway 2019,59500000,0,0,0,-59500000,"Action,Drama,History",Roland Emmerich
371,2018-03-23,Sherlock Gnomes 2018,59000000,43242871,87527651,44284780,28527651,"Adventure,Animation,Comedy",John Stevenson
372,2019-01-25,The Kid Who Would Be King 2019,59000000,16790790,28348446,11557656,-30651554,"Action,Adventure,Family",Joe Cornish
373,2016-02-12,Deadpool 2016,58000000,363070709,801025593,437954884,743025593,"Action,Adventure,Comedy",Tim Miller
374,2014-12-25,American Sniper 2014,58000000,350126372,547326372,197200000,489326372,"Action,Biography,Drama",Clint Eastwood
375,2015-10-16,Goosebumps 2015,58000000,80069458,158905324,78835866,100905324,"Adventure,Comedy,Family",Rob Letterman
376,2012-01-20,Red Tails 2012,58000000,49876377,50365498,489121,-7634502,"Action,Adventure,Drama",Anthony Hemingway
377,2013-06-07,The Internship 2013,58000000,44672764,93672764,49000000,35672764,Comedy,Shawn Levy
378,2017-03-24,Life 2017,58000000,30234022,100929666,70695644,42929666,"Horror,Sci-Fi,Thriller",Daniel Espinosa
379,2010-09-10,Resident Evil: Afterlife 2010,57500000,60128566,295874190,235745624,238374190,"Action,Adventure,Horror",Paul W.S. Anderson
380,2012-06-15,That's My Boy 2012,57500000,36931089,58085235,21154146,585235,Comedy,Sean Anders
381,2014-12-25,Into the Woods 2014,56200000,128002372,213116401,85114029,156916401,"Adventure,Comedy,Drama",Rob Marshall
382,2018-11-02,Bohemian Rhapsody 2018,55000000,216303339,894985342,678682003,839985342,"Biography,Drama,Music",Bryan Singer
383,2017-02-10,Fifty Shades Darker 2017,55000000,114434010,381398492,266964482,326398492,"Drama,Romance",James Foley
384,2013-10-11,Captain Phillips 2013,55000000,107136417,220648184,113511767,165648184,"Biography,Drama,Thriller",Paul Greengrass
385,2017-11-10,Murder on the Orient Express 2017,55000000,102826543,345922730,243096187,290922730,"Crime,Drama,Mystery",Kenneth Branagh
386,2014-09-26,The Equalizer 2014,55000000,101530738,192903624,91372886,137903624,"Action,Crime,Thriller",Antoine Fuqua
387,2018-02-09,Fifty Shades Freed 2018,55000000,100407760,371350619,270942859,316350619,"Drama,Romance,Thriller",James Foley
388,2010-04-09,Date Night 2010,55000000,98711404,152269033,53557629,97269033,"Comedy,Crime,Romance",Shawn Levy
389,2013-11-01,Free Birds 2013,55000000,55750480,110387072,54636592,55387072,"Adventure,Animation,Comedy",Jimmy Hayward
390,2014-03-21,Muppets Most Wanted 2014,55000000,51178893,79312301,28133408,24312301,"Adventure,Comedy,Crime",James Bobin
391,2016-08-19,Kubo and the Two Strings 2016,55000000,48023088,77548122,29525034,22548122,"Action,Adventure,Animation",Travis Knight
392,2010-11-24,Burlesque 2010,55000000,39440655,90552675,51112020,35552675,"Drama,Music,Musical",Steve Antin
393,2010-11-24,Burlesque 2010,55000000,39440655,90552675,51112020,35552675,Drama,Dominic Deacon
394,2012-07-27,The Watch 2012,55000000,34353000,67130045,32777045,12130045,"Action,Comedy,Horror",Akiva Schaffer
395,2018-02-23,Annihilation 2018,55000000,32732301,43070915,10338614,-11929085,"Adventure,Drama,Horror",Alex Garland
396,2015-10-16,Crimson Peak 2015,55000000,31090320,74966854,43876534,19966854,"Drama,Fantasy,Horror",Guillermo del Toro
397,2012-04-27,The Pirates! Band of Misfits 2012,55000000,31051126,136143605,105092479,81143605,"Adventure,Animation,Comedy","Jeff Newitt, Peter Lord"
398,2015-09-18,Black Mass 2015,53000000,62575678,98837872,36262194,45837872,"Biography,Crime,Drama",Scott Cooper
399,2012-12-19,Zero Dark Thirty 2012,52500000,95720716,134612435,38891719,82112435,"Drama,Thriller",Kathryn Bigelow
400,2010-02-12,Valentine's Day 2010,52000000,110485654,217569328,107083674,165569328,"Comedy,Romance",Garry Marshall
401,2011-08-05,The Change-Up 2011,52000000,37243418,75997067,38753649,23997067,"Comedy,Fantasy",David Dobkin
402,2018-08-17,Alpha 2018,51000000,35851379,99624873,63773494,48624873,"Adventure,Drama,Family",Albert Hughes
403,2011-03-04,The Adjustment Bureau 2011,50200000,62495645,126931325,64435680,76731325,"Romance,Sci-Fi,Thriller",George Nolfi
404,2012-06-29,Ted 2012,50000000,218665740,556016627,337350887,506016627,"Comedy,Fantasy",Seth MacFarlane
405,2014-06-13,22 Jump Street 2014,50000000,191719337,331333876,139614539,281333876,"Action,Comedy,Crime","Phil Lord, Christopher Miller"
406,2016-06-17,Central Intelligence 2016,50000000,127440871,217194805,89753934,167194805,"Action,Comedy,Crime",Rawson Marshall Thurber
407,2013-12-18,Anchorman 2: The Legend Continues 2013,50000000,127352707,172185754,44833047,122185754,Comedy,Adam McKay
408,2011-06-10,Super 8 2011,50000000,127004179,257972745,130968566,207972745,"Mystery,Sci-Fi,Thriller",J.J. Abrams
409,2018-11-21,Creed II 2018,50000000,115715889,213591522,97875633,163591522,"Drama,Sport",Steven Caple Jr.
410,2018-02-09,Peter Rabbit 2018,50000000,115234093,347136477,231902384,297136477,"Adventure,Animation,Comedy",Will Gluck
411,2018-12-14,The Mule 2018,50000000,103804407,170857676,67053269,120857676,"Crime,Drama,Thriller",Clint Eastwood
412,2014-02-28,Non-Stop 2014,50000000,91742160,222383055,130640895,172383055,"Action,Mystery,Thriller",Jaume Collet-Serra
413,2017-07-28,The Emoji Movie 2017,50000000,86089513,216562312,130472799,166562312,"Adventure,Animation,Comedy",Tony Leondis
414,2017-12-22,The Post 2017,50000000,81903458,179748880,97845422,129748880,"Biography,Drama,History",Steven Spielberg
415,2011-12-23,We Bought a Zoo 2011,50000000,75624550,118729073,43104523,68729073,"Comedy,Drama,Family",Cameron Crowe
416,2011-09-23,Moneyball 2011,50000000,75605492,111300835,35695343,61300835,"Biography,Drama,Sport",Bennett Miller
417,2012-04-06,American Reunion 2012,50000000,56758835,236799211,180040376,186799211,Comedy,"Jon Hurwitz, Hayden Schlossberg"
418,2013-01-25,Hansel & Gretel: Witch Hunters 2013,50000000,55703475,214949716,159246241,164949716,"Action,Fantasy,Horror",Tommy Wirkola
419,2017-09-29,American Made 2017,50000000,51342000,135569212,84227212,85569212,"Action,Biography,Comedy",Doug Liman
420,2014-10-17,The Book of Life 2014,50000000,50151543,97651543,47500000,47651543,"Adventure,Animation,Comedy",Jorge R. GutiÃ©rrez
421,2014-08-08,Into the Storm 2014,50000000,47602194,150429371,102827177,100429371,"Action,Adventure,Drama",Steven Quale
422,2014-10-10,The Judge 2014,50000000,47119388,76119388,29000000,26119388,"Crime,Drama",David Dobkin
423,2016-08-19,War Dogs 2016,50000000,43034523,86234503,43199980,36234503,"Comedy,Crime,Drama",Todd Phillips
424,2016-05-20,The Nice Guys 2016,50000000,36261763,59596747,23334984,9596747,"Action,Comedy,Crime",Shane Black
425,2010-06-04,Marmaduke 2010,50000000,33644788,89895930,56251142,39895930,"Comedy,Family",Tom Dey
426,2010-10-15,Hereafter 2010,50000000,32746941,108660270,75913329,58660270,"Drama,Fantasy,Romance",Clint Eastwood
427,2016-02-12,Zoolander 2 2016,50000000,28848693,55348693,26500000,5348693,Comedy,Ben Stiller
428,2013-03-29,The Host 2013,50000000,26623701,64477051,37853350,14477051,"Action,Adventure,Drama",Andrew Niccol
429,2015-03-13,Run All Night 2015,50000000,26461644,66961644,40500000,16961644,"Action,Drama,Thriller",Jaume Collet-Serra
430,2019-04-12,Hellboy 2019,50000000,21903748,40725492,18821744,-9274508,"Action,Adventure,Fantasy",Neil Marshall
431,2011-04-08,Your Highness 2011,50000000,21596445,26121638,4525193,-23878362,"Adventure,Comedy,Fantasy",David Gordon Green
432,2016-09-16,Snowden 2016,50000000,21587519,35380918,13793399,-14619082,"Biography,Drama,Thriller",Oliver Stone
433,2011-09-30,Dream House 2011,50000000,21302340,41642166,20339826,-8357834,"Drama,Mystery,Thriller",Jim Sheridan
434,2016-06-24,Free State of Jones 2016,50000000,20810036,23237252,2427216,-26762748,"Action,Biography,Drama",Gary Ross
435,2013-02-14,Beautiful Creatures 2013,50000000,19452138,60282876,40830738,10282876,"Drama,Fantasy,Romance",Richard LaGravenese
436,2011-02-25,Drive Angry 2011,50000000,10721033,41042583,30321550,-8957417,"Action,Fantasy,Thriller",Patrick Lussier
437,2018-02-16,Early Man 2018,50000000,8267544,45285890,37018346,-4714110,"Adventure,Animation,Comedy",Nick Park
438,2015-04-17,Child 44 2015,50000000,1224330,8004221,6779891,-41995779,"Crime,Drama,History",Daniel Espinosa
439,2013-03-15,Upside Down 2013,50000000,102118,26387039,26284921,-23612961,Documentary,Lisa Tahon
440,2019-11-22,The Rhythm Section 2019,50000000,0,0,0,-50000000,"Action,Mystery,Thriller",Reed Morano
441,2019-09-20,Ad Astra 2019,49800000,0,0,0,-49800000,"Adventure,Drama,Mystery",James Gray
442,2015-03-06,Chappie 2015,49000000,31569268,105002056,73432788,56002056,"Action,Crime,Drama",Neill Blomkamp
443,2012-11-16,Anna Karenina 2012,49000000,12816367,71004627,58188260,22004627,"Drama,Romance",Joe Wright
444,2018-11-16,Instant Family 2018,48000000,67363237,119736188,52372951,71736188,"Comedy,Drama",Sean Anders
445,2010-01-22,Tooth Fairy 2010,48000000,60022256,112610386,52588130,64610386,"Comedy,Family,Fantasy",Michael Lembeck
446,2016-07-13,The Infiltrator 2016,47500000,15436808,20718104,5281296,-26781896,"Biography,Crime,Drama",Brad Furman
447,2016-11-11,Arrival 2016,47000000,100546139,203127894,102581755,156127894,"Drama,Mystery,Sci-Fi",Denis Villeneuve
448,2010-06-18,Jonah Hex 2010,47000000,10547117,11022696,475579,-35977304,"Action,Drama,Fantasy",Jimmy Hayward
449,2016-12-23,Silence 2016,46500000,7100177,23726626,16626449,-22773374,"Adventure,Drama,History",Martin Scorsese
450,2013-09-20,Prisoners 2013,46000000,61002302,113402302,52400000,67402302,"Crime,Drama,Mystery",Denis Villeneuve
451,2012-10-05,Taken 2 2012,45000000,139854287,377807404,237953117,332807404,"Action,Thriller",Olivier Megaton
452,2017-12-22,Pitch Perfect 3 2017,45000000,104897530,185736412,80838882,140736412,"Comedy,Music",Trish Sie
453,2011-11-23,The Muppets 2011,45000000,88625922,160971922,72346000,115971922,"Adventure,Comedy,Family",James Bobin
454,2016-10-07,The Girl on the Train 2016,45000000,75395035,174278214,98883179,129278214,"Crime,Drama,Mystery",Tate Taylor
455,2010-03-19,The Bounty Hunter 2010,45000000,67061228,135808837,68747609,90808837,"Action,Comedy,Romance",Andy Tennant
456,2016-12-09,Office Christmas Party 2016,45000000,54767494,91323299,36555805,46323299,Comedy,"Josh Gordon, Will Speck"
457,2012-07-06,Savages 2012,45000000,47323100,82513490,35190390,37513490,"Crime,Drama,Thriller",Oliver Stone
458,2014-05-23,Blended 2014,45000000,46290741,127990741,81700000,82990741,"Comedy,Romance",Frank Coraci
459,2017-06-16,All Eyez on Me 2017,45000000,44922302,54876855,9954553,9876855,"Biography,Drama,Music",Benny Boom
460,2019-05-03,UglyDolls 2019,45000000,19894664,24644664,4750000,-20355336,"Adventure,Animation,Comedy",Kelly Asbury
461,2010-02-19,The Ghost Writer 2010,45000000,15541549,65532491,49990942,20532491,"Drama,Mystery,Thriller",Roman Polanski
462,2012-09-21,Dredd 2012,45000000,13414714,41467606,28052892,-3532394,"Action,Crime,Sci-Fi",Pete Travis
463,2011-10-28,The Rum Diary 2011,45000000,13109815,21544732,8434917,-23455268,"Comedy,Drama",Bruce Robinson
464,2018-12-21,Welcome to Marwen 2018,45000000,10763520,12874922,2111402,-32125078,"Biography,Comedy,Drama",Robert Zemeckis
465,2011-10-21,Johnny English Reborn 2011,45000000,8406711,164640401,156233690,119640401,"Action,Adventure,Comedy",Oliver Parker
466,2012-12-31,Foodfight! 2012,45000000,0,73706,73706,-44926294,"Action,Animation,Comedy",Lawrence Kasanoff
467,2012-10-12,Argo 2012,44500000,136025503,227140757,91115254,182640757,"Biography,Drama,Thriller",Ben Affleck
468,2010-07-30,Charlie St. Cloud 2010,44000000,31206263,48478084,17271821,4478084,"Drama,Fantasy,Romance",Burr Steers
469,2014-02-06,The Interview 2014,44000000,6105175,12342632,6237457,-31657368,Comedy,"Evan Goldberg, Seth Rogen"
470,2013-06-28,The Heat 2013,43000000,159581587,229727774,70146187,186727774,"Action,Comedy,Crime",Paul Feig
471,2011-01-28,The Mechanic 2011,42500000,29121498,76347393,47225895,33847393,"Action,Crime,Thriller",Simon West
472,2012-03-16,21 Jump Street 2012,42000000,138447667,202812429,64364762,160812429,"Action,Comedy,Crime","Phil Lord, Christopher Miller"
473,2017-05-12,Snatched 2017,42000000,45852178,57852177,11999999,15852177,"Action,Adventure,Comedy",Jonathan Levine
474,2012-10-12,Here Comes the Boom 2012,42000000,45290318,73239258,27948940,31239258,"Action,Comedy,Sport",Frank Coraci
475,2011-03-11,Red Riding Hood 2011,42000000,37662162,91678442,54016280,49678442,"Fantasy,Horror,Mystery",Catherine Hardwicke
476,2018-12-25,Holmes & Watson 2018,42000000,30568743,41926605,11357862,-73395,"Adventure,Comedy,Crime",Etan Cohen
477,2012-01-27,One for the Money 2012,42000000,26414527,36197221,9782694,-5802779,"Action,Comedy,Crime",Julie Anne Robinson
478,2012-01-27,Man on a Ledge 2012,42000000,18620000,49621440,31001440,7621440,"Action,Adventure,Crime",Asger Leth
479,2010-12-03,The Warrior's Way 2010,42000000,5666340,8514325,2847985,-33485675,"Action,Fantasy,Western",Sngmoo Lee
480,2019-05-31,Rocketman 2019,41000000,57342725,108642725,51300000,67642725,"Biography,Drama,Music",Dexter Fletcher
481,2011-10-14,The Big Year 2011,41000000,7204138,7684524,480386,-33315476,Comedy,David Frankel
482,2010-06-11,The Karate Kid 2010,40000000,176591618,351774938,175183320,311774938,"Action,Drama,Family",Harald Zwart
483,2015-02-13,Fifty Shades of Grey 2015,40000000,166167230,570998101,404830871,530998101,"Drama,Romance,Thriller",Sam Taylor-Johnson
484,2013-12-13,American Hustle 2013,40000000,150117807,257878294,107760487,217878294,"Crime,Drama",David O. Russell
485,2014-07-25,Lucy 2014,40000000,126573960,457507776,330933816,417507776,"Action,Sci-Fi,Thriller",Luc Besson
486,2013-12-25,Lone Survivor 2013,40000000,125095601,149804632,24709031,109804632,"Action,Biography,Drama",Peter Berg
487,2010-10-01,The Social Network 2010,40000000,96962694,224922135,127959441,184922135,"Biography,Drama",David Fincher
488,2016-01-15,Ride Along 2 2016,40000000,90862685,124827316,33964631,84827316,"Action,Comedy,Crime",Tim Story
489,2015-03-27,Get Hard 2015,40000000,90411453,106511453,16100000,66511453,"Comedy,Crime",Etan Cohen
490,2016-10-14,The Accountant 2016,40000000,86260045,152962083,66702038,112962083,"Action,Crime,Drama",Gavin O'Connor
491,2014-11-14,Dumb and Dumber To 2014,40000000,86208010,156553592,70345582,116553592,"Adventure,Comedy","Bobby Farrelly, Peter Farrelly"
492,2014-04-25,The Other Woman 2014,40000000,83911193,195111193,111200000,155111193,"Comedy,Romance",Nick Cassavetes
493,2015-09-25,The Intern 2015,40000000,75764672,197115710,121351038,157115710,"Comedy,Drama",Nancy Meyers
494,2015-10-16,Bridge of Spies 2015,40000000,72313754,162498338,90184584,122498338,"Drama,History,Thriller",Steven Spielberg
495,2016-11-04,Hacksaw Ridge 2016,40000000,67209615,168904682,101695067,128904682,"Biography,Drama,History",Mel Gibson
496,2011-02-18,Unknown 2011,40000000,63686397,136123083,72436686,96123083,"Action,Mystery,Thriller",Jaume Collet-Serra
497,2010-06-04,Get Him to the Greek 2010,40000000,61153526,91455875,30302349,51455875,"Adventure,Comedy,Music",Nicholas Stoller
498,2011-03-18,The Lincoln Lawyer 2011,40000000,58009200,87145086,29135886,47145086,"Crime,Drama,Thriller",Brad Furman
499,2014-11-26,Horrible Bosses 2 2014,40000000,54445357,105945357,51500000,65945357,"Comedy,Crime",Sean Anders
500,2010-07-09,Predators 2010,40000000,52000688,127234389,75233701,87234389,"Action,Adventure,Sci-Fi",NimrÃ³d Antal
501,2012-08-15,The Odd Life of Timothy Green 2012,40000000,51853450,55249159,3395709,15249159,"Comedy,Drama,Family",Peter Hedges
502,2014-06-20,Jersey Boys 2014,40000000,47047013,65282732,18235719,25282732,"Biography,Drama,Music",Clint Eastwood
503,2011-08-12,Final Destination 5 2011,40000000,42587643,155011165,112423522,115011165,Horror,Steven Quale
504,2018-11-16,Widows 2018,40000000,42402632,73866088,31463456,33866088,"Crime,Drama,Thriller",Steve McQueen
505,2014-07-18,Sex Tape 2014,40000000,38543473,126069509,87526036,86069509,"Comedy,Romance",Jake Kasdan
506,2011-04-15,Scream 4 2011,40000000,38180928,95989590,57808662,55989590,"Horror,Mystery",Wes Craven
507,2011-03-18,Paul 2011,40000000,37412945,101162106,63749161,61162106,"Adventure,Comedy,Sci-Fi",Greg Mottola
508,2012-12-19,The Guilt Trip 2012,40000000,37134215,41294674,4160459,1294674,"Comedy,Drama",Anne Fletcher
509,2011-08-26,Colombiana 2011,40000000,36665854,72295262,35629408,32295262,"Action,Drama,Thriller",Olivier Megaton
510,2018-01-12,The Commuter 2018,40000000,36343858,101985431,65641573,61985431,"Action,Mystery,Thriller",Jaume Collet-Serra
511,2011-04-08,Arthur 2011,40000000,33035397,47787943,14752546,7787943,"Comedy,Romance",Jason Winer
512,2016-12-21,Patriots Day 2016,40000000,31886361,52837989,20951628,12837989,"Action,Crime,Drama",Peter Berg
513,2010-11-10,Morning Glory 2010,40000000,31011732,59795070,28783338,19795070,"Comedy,Drama,Romance",Roger Michell
514,2019-05-03,Long Shot 2019,40000000,30202860,43711031,13508171,3711031,"Comedy,Romance",Jonathan Levine
515,2013-12-25,Grudge Match 2013,40000000,29807260,69807260,40000000,29807260,"Comedy,Drama,Sport",Peter Segal
516,2017-08-11,The Nut Job 2: Nutty by Nature 2017,40000000,28370522,57438389,29067867,17438389,"Adventure,Animation,Comedy",Cal Brunker
517,2017-06-30,The House 2017,40000000,25584504,31192425,5607921,-8807575,"Comedy,Crime",Andrew Jay Cohen
518,2011-01-07,Season of the Witch 2011,40000000,24827228,91126600,66299372,51126600,"Action,Adventure,Fantasy",Dominic Sena
519,2016-08-26,Mechanic: Resurrection 2016,40000000,21218403,109738840,88520437,69738840,"Action,Adventure,Thriller",Dennis Gansel
520,2012-02-03,Big Miracle 2012,40000000,20157300,25268680,5111380,-14731320,"Biography,Drama,Family",Ken Kwapis
521,2012-12-21,The Impossible 2012,40000000,19019882,169590606,150570724,129590606,"Drama,History,Thriller",J.A. Bayona
522,2012-03-09,A Thousand Words 2012,40000000,18450127,20790486,2340359,-19209514,"Comedy,Drama",Brian Robbins
523,2015-03-20,The Gunman 2015,40000000,10664749,18594227,7929478,-21405773,"Action,Crime,Drama",Pierre Morel
524,2013-08-16,Paranoia 2013,40000000,7388654,16340767,8952113,-23659233,"Drama,Thriller",Robert Luketic
525,2015-07-10,Baahubali: The Beginning 2015,40000000,6738000,26736665,19998665,-13263335,"Action,Drama",S.S. Rajamouli
526,2018-03-09,The Hurricane Heist 2018,40000000,6115824,30963684,24847860,-9036316,"Action,Adventure,Crime",Rob Cohen
527,2015-11-25,Victor Frankenstein 2015,40000000,5775076,31124367,25349291,-8875633,"Drama,Horror,Sci-Fi",Paul McGuigan
528,2016-11-11,USS Indianapolis: Men of Courage 2016,40000000,0,1663785,1663785,-38336215,"Action,Drama,History",Mario Van Peebles
529,2019-09-13,The Goldfinch 2019,40000000,0,0,0,-40000000,Drama,John Crowley
530,2012-10-05,Frankenweenie 2012,39000000,35287788,81150788,45863000,42150788,"Animation,Comedy,Family",Tim Burton
531,2017-06-02,Captain Underpants: The First Epic Movie 2017,38000000,73921000,126577874,52656874,88577874,"Action,Animation,Comedy",David Soren
532,2015-04-17,Paul Blart: Mall Cop 2 2015,38000000,71091594,107650646,36559052,69650646,"Action,Comedy,Crime",Andy Fickman
533,2016-12-23,Why Him? 2016,38000000,60323786,117425156,57101370,79425156,Comedy,John Hamburg
534,2011-04-22,Water for Elephants 2011,38000000,58709717,116809717,58100000,78809717,"Drama,Romance",Francis Lawrence
535,2010-10-08,Life as We Know It 2010,38000000,53374681,105887837,52513156,67887837,"Comedy,Drama,Romance",Greg Berlanti
536,2013-09-06,Riddick 2013,38000000,42025135,94763758,52738623,56763758,"Action,Adventure,Sci-Fi",David Twohy
537,2016-01-22,The 5th Wave 2016,38000000,34912982,111336398,76423416,73336398,"Action,Adventure,Drama",J Blakeson
538,2013-09-20,Rush 2013,38000000,26947624,98230839,71283215,60230839,"Action,Biography,Drama",Ron Howard
539,2017-10-20,Only the Brave 2017,38000000,18340051,24555177,6215126,-13444823,"Action,Biography,Drama",Joseph Kosinski
540,2011-10-14,The Thing 2011,38000000,16999934,27573078,10573144,-10426922,"Horror,Mystery,Sci-Fi",Matthijs van Heijningen Jr.
541,2018-09-21,The Sisters Brothers 2018,38000000,3143056,13143056,10000000,-24856944,"Adventure,Comedy,Crime",Jacques Audiard
542,2012-05-18,What to Expect When You're Expecting 2012,37500000,41152203,88473016,47320813,50973016,"Comedy,Drama,Romance",Kirk Jones
543,2012-09-14,The Master 2012,37500000,16247159,50647416,34400257,13147416,Drama,Paul Thomas Anderson
544,2013-08-07,We're the Millers 2013,37000000,150394119,267816276,117422157,230816276,"Comedy,Crime",Rawson Marshall Thurber
545,2015-11-25,Creed 2015,37000000,109767581,173567581,63800000,136567581,"Drama,Sport",Ryan Coogler
546,2010-09-17,The Town 2010,37000000,92186262,152566881,60380619,115566881,"Crime,Drama,Thriller",Ben Affleck
547,2011-09-23,Dolphin Tale 2011,37000000,72286779,96068724,23781945,59068724,"Drama,Family",Charles Martin Smith
548,2018-02-23,Game Night 2018,37000000,69179066,117378084,48199018,80378084,"Action,Comedy,Crime","John Francis Daley, Jonathan Goldstein"
549,2010-02-26,Cop Out 2010,37000000,44875481,55909910,11034429,18909910,"Action,Comedy,Crime",Kevin Smith
550,2011-01-28,The Rite 2011,37000000,33047633,97143987,64096354,60143987,"Drama,Horror,Mystery",Mikael HÃ¥fstrÃ¶m
551,2015-05-29,Aloha 2015,37000000,21052030,25387091,4335061,-11612909,"Comedy,Drama,Romance",Cameron Crowe
552,2010-03-26,Hot Tub Time Machine 2010,36000000,50269859,65967750,15697891,29967750,"Comedy,Sci-Fi",Steve Pink
553,2014-09-12,Dolphin Tale 2 2014,36000000,42024533,57824533,15800000,21824533,"Drama,Family",Charles Martin Smith
554,2016-12-16,Collateral Beauty 2016,36000000,31016021,85309093,54293072,49309093,"Drama,Romance",David Frankel
555,2011-05-06,There Be Dragons 2011,36000000,1069334,4020990,2951656,-31979010,"Biography,Drama,War",Roland JoffÃ©
556,2017-09-08,It 2017,35000000,327481748,697457969,369976221,662457969,"Horror,Thriller",Andy Muschietti
557,2010-12-22,True Grit 2010,35000000,171243005,252276928,81033923,217276928,"Adventure,Drama,Western","Ethan Coen, Joel Coen"
558,2013-02-08,Identity Thief 2013,35000000,134506920,175361578,40854658,140361578,"Adventure,Comedy,Crime",Seth Gordon
559,2011-07-08,Horrible Bosses 2011,35000000,117538559,212417601,94879042,177417601,"Comedy,Crime",Seth Gordon
560,2015-07-17,Trainwreck 2015,35000000,110212700,141123897,30911197,106123897,"Comedy,Drama,Romance",Judd Apatow
561,2013-12-13,Saving Mr. Banks 2013,35000000,83299761,114962525,31662764,79962525,"Biography,Comedy,Drama",John Lee Hancock
562,2010-04-30,A Nightmare on Elm Street 2010,35000000,63075011,117729621,54654610,82729621,"Crime,Drama,Horror",Samuel Bayer
563,2010-10-08,Secretariat 2010,35000000,59699513,60376247,676734,25376247,"Biography,Drama,Family",Randall Wallace
564,2011-07-22,Friends with Benefits 2011,35000000,55802754,146595891,90793137,111595891,"Comedy,Romance",Will Gluck
565,2016-05-20,Neighbors 2: Sorority Rising 2016,35000000,55340730,108757621,53416891,73757621,Comedy,Nicholas Stoller
566,2018-06-29,Sicario: Day of the Soldado 2018,35000000,50065850,75885196,25819346,40885196,"Action,Crime,Drama",Stefano Sollima
567,2015-05-22,Poltergeist 2015,35000000,47425125,95713069,48287944,60713069,"Horror,Thriller",Gil Kenan
568,2018-10-12,Goosebumps 2: Haunted Halloween 2018,35000000,46697321,93291478,46594157,58291478,"Adventure,Comedy,Family",Ari Sandel
569,2018-01-19,12 Strong 2018,35000000,45819713,71118378,25298665,36118378,"Action,Drama,History",Nicolai Fuglsig
570,2011-05-06,Something Borrowed 2011,35000000,39046489,65084116,26037627,30084116,"Comedy,Drama,Romance",Luke Greenfield
571,2011-10-28,In Time 2011,35000000,37553932,165103952,127550020,130103952,"Action,Crime,Drama",Andrew Niccol
572,2010-04-23,The Back-up Plan 2010,35000000,37490007,75281179,37791172,40281179,"Comedy,Romance",Alan Poul
573,2011-11-09,J. Edgar 2011,35000000,37306030,84606030,47300000,49606030,"Biography,Crime,Drama",Clint Eastwood
574,2018-08-17,Mile 22 2018,35000000,36108758,66295121,30186363,31295121,"Action,Adventure,Thriller",Peter Berg
575,2015-05-08,Hot Pursuit 2015,35000000,34580201,45671512,11091311,10671512,"Action,Comedy,Crime",Anne Fletcher
576,2015-12-25,Concussion 2015,35000000,34531832,50363790,15831958,15363790,"Biography,Drama,Sport",Peter Landesman
577,2017-10-13,The Foreigner 2017,35000000,34393507,140783360,106389853,105783360,"Action,Thriller",Martin Campbell
578,2018-06-01,Adrift 2018,35000000,31445011,57897191,26452180,22897191,"Action,Adventure,Biography",Baltasar KormÃ¡kur
579,2011-09-23,Abduction 2011,35000000,28087155,86648359,58561204,51648359,"Action,Mystery,Thriller",John Singleton
580,2011-09-23,Abduction 2011,35000000,28087155,86648359,58561204,51648359,"Horror,Thriller",Michael Atwill
581,2012-10-19,Alex Cross 2012,35000000,25888412,35426759,9538347,426759,"Action,Crime,Mystery",Rob Cohen
582,2016-03-04,Whiskey Tango Foxtrot 2016,35000000,23083334,25350747,2267413,-9649253,"Biography,Comedy,Drama","John Requa, Glenn Ficarra"
583,2015-08-21,Hitman: Agent 47 2015,35000000,22467450,82182803,59715353,47182803,"Action,Adventure,Crime",Aleksander Bach
584,2012-08-24,Premium Rush 2012,35000000,20275446,31393201,11117755,-3606799,"Action,Crime,Thriller",David Koepp
585,2013-01-18,Broken City 2013,35000000,19701164,34480045,14778881,-519955,"Crime,Drama,Thriller",Allen Hughes
586,2010-04-30,Furry Vengeance 2010,35000000,17630465,39340177,21709712,4340177,"Comedy,Family",Roger Kumble
587,2013-01-25,Parker 2013,35000000,17616641,48543388,30926747,13543388,"Action,Crime,Thriller",Taylor Hackford
588,2011-05-27,The Tree of Life 2011,35000000,13305665,61721826,48416161,26721826,"Drama,Fantasy",Terrence Malick
589,2014-03-28,Sabotage 2014,35000000,10508518,18376443,7867925,-16623557,"Action,Crime,Drama",David Ayer
590,2015-03-06,Unfinished Business 2015,35000000,10219501,13214051,2994550,-21785949,"Comedy,Drama",Ken Scott
591,2015-09-30,The Walk 2015,35000000,10161183,61492104,51330921,26492104,"Crime,Thriller",Timothy Fielding
592,2015-09-30,The Walk 2015,35000000,10161183,61492104,51330921,26492104,"Adventure,Biography,Drama",Robert Zemeckis
593,2013-11-29,Mandela: Long Walk to Freedom 2013,35000000,8323085,29890402,21567317,-5109598,"Biography,Drama,History",Justin Chadwick
594,2016-03-11,The Brothers Grimsby 2016,35000000,6864016,28720470,21856454,-6279530,"Action,Adventure,Comedy",Louis Leterrier
595,2017-10-20,The Snowman 2017,35000000,6670765,43226146,36555381,8226146,"Crime,Drama,Mystery",Tomas Alfredson
596,2016-04-22,A Hologram for the King 2016,35000000,4212494,11846010,7633516,-23153990,"Comedy,Drama,Romance",Tom Tykwer
597,2012-09-14,Stolen 2012,35000000,289773,17967746,17677973,-17032254,"Action,Crime,Thriller",Simon West
598,2011-10-14,Trespass 2011,35000000,16816,786532,769716,-34213468,"Crime,Drama,Thriller",Joel Schumacher
599,2011-12-25,The Darkest Hour 2011,34800000,21443494,62831715,41388221,28031715,"Action,Adventure,Horror",Chris Gorak
600,2017-06-28,Baby Driver 2017,34000000,107825862,228104185,120278323,194104185,"Action,Crime,Drama",Edgar Wright
601,2014-09-19,The Maze Runner 2014,34000000,102427862,348319861,245891999,314319861,"Action,Mystery,Sci-Fi",Wes Ball
602,2015-04-10,The Longest Ride 2015,34000000,37446117,63802928,26356811,29802928,"Drama,Romance",George Tillman Jr.
603,2018-08-03,The Darkest Minds 2018,34000000,12695691,38361428,25665737,4361428,"Action,Adventure,Drama",Jennifer Yuh Nelson
604,2016-07-08,Mike and Dave Need Wedding Dates 2016,33000000,46009673,75898100,29888427,42898100,"Adventure,Comedy,Romance",Jake Szymanski
605,2012-07-27,Step Up Revolution 2012,33000000,35074677,165552290,130477613,132552290,"Drama,Music,Romance",Scott Speer
606,2012-04-27,Safe 2012,33000000,17142080,41495213,24353133,8495213,"Action,Crime,Thriller",Boaz Yakin
607,2015-10-30,Freaks of Nature 2015,33000000,70958,70958,0,-32929042,"Comedy,Horror,Sci-Fi",Robbie Pickering
608,2011-05-13,Bridesmaids 2011,32500000,169211718,289632023,120420305,257132023,"Comedy,Romance",Paul Feig
609,2013-04-26,The Big Wedding 2013,32500000,21819348,48425971,26606623,15925971,"Comedy,Drama,Romance",Justin Zackham
610,2012-02-24,Wanderlust 2012,32500000,17288155,24159934,6871779,-8340066,"Comedy,Romance",David Wain
611,2010-08-27,Takers 2010,32000000,57744720,70587268,12842548,38587268,"Action,Crime,Thriller",John Luessenhop
612,2011-04-01,Source Code 2011,32000000,54712227,140428499,85716272,108428499,"Action,Drama,Sci-Fi",Duncan Jones
613,2018-04-20,I Feel Pretty 2018,32000000,48795601,91553797,42758196,59553797,"Comedy,Romance","Marc Silverstein, Abby Kohn"
614,2011-02-18,"Big Mommas: Like Father, Like Son 2011",32000000,37915414,82332450,44417036,50332450,"Action,Comedy,Crime",John Whitesell
615,2013-03-15,The Incredible Burt Wonderstone 2013,32000000,22537881,27392609,4854728,-4607391,"Adventure,Comedy,Fantasy",Don Scardino
616,2018-10-12,Bad Times at the El Royale 2018,32000000,17839115,29204379,11365264,-2795621,"Crime,Drama,Mystery",Drew Goddard
617,2010-09-03,Going the Distance 2010,32000000,17804299,43603990,25799691,11603990,"Comedy,Romance",Nanette Burstein
618,2010-03-19,Repo Men 2010,32000000,13942007,18195238,4253231,-13804762,"Action,Crime,Sci-Fi",Miguel Sapochnik
619,2016-04-15,Criminal 2016,31500000,14708696,38771262,24062566,7271262,"Action,Crime,Drama",Ariel Vromen
620,2013-04-12,42 2013,31000000,95020213,97470701,2450488,66470701,"Biography,Drama,Sport",Brian Helgeland
621,2012-11-02,Flight 2012,31000000,93772375,160558438,66786063,129558438,"Drama,Thriller",Robert Zemeckis
622,2014-03-07,The Grand Budapest Hotel 2014,31000000,59076019,163981261,104905242,132981261,"Adventure,Comedy,Crime",Wes Anderson
623,2015-07-29,Vacation 2015,31000000,58884188,102306500,43422312,71306500,"Adventure,Comedy","John Francis Daley, Jonathan Goldstein"
624,2010-01-22,Extraordinary Measures 2010,31000000,12482741,15826984,3344243,-15173016,Drama,Tom Vaughan
625,2018-08-15,Crazy Rich Asians 2018,30000000,174532921,238099711,63566790,208099711,"Comedy,Romance",Jon M. Chu
626,2012-02-10,The Vow 2012,30000000,125014030,197618160,72604130,167618160,"Drama,Romance",Michael Sucsy
627,2013-08-16,Lee Daniels' The Butler 2013,30000000,116632095,177025498,60393403,147025498,"Biography,Drama",Lee Daniels
628,2015-12-18,Sisters 2015,30000000,87044645,106030660,18986015,76030660,Comedy,Jason Moore
629,2015-12-18,Sisters 2015,30000000,87044645,106030660,18986015,76030660,"Biography,Documentary,Music",Andrew Smith
630,2012-09-28,Looper 2012,30000000,66486205,170466405,103980200,140466405,"Action,Crime,Drama",Rian Johnson
631,2013-02-01,Warm Bodies 2013,30000000,66380662,115121608,48740946,85121608,"Comedy,Horror,Romance",Jonathan Levine
632,2014-01-17,The Nut Job 2014,30000000,64251538,122529966,58278428,92529966,"Adventure,Animation,Comedy",Peter Lepeniotis
633,2012-08-08,Hope Springs 2012,30000000,63536011,133085295,69549284,103085295,"Comedy,Drama,Romance",David Frankel
634,2011-05-20,Midnight in Paris 2011,30000000,56816662,162502774,105686112,132502774,"Comedy,Fantasy,Romance",Woody Allen
635,2017-11-22,Darkest Hour 2017,30000000,56443120,150807172,94364052,120807172,"Biography,Drama,History",Joe Wright
636,2018-05-11,Life of the Party 2018,30000000,53059911,65759911,12700000,35759911,Comedy,Ben Falcone
637,2010-05-14,Letters to Juliet 2010,30000000,53032453,82148538,29116085,52148538,"Adventure,Comedy,Drama",Gary Winick
638,2015-07-24,Southpaw 2015,30000000,52421953,94156456,41734503,64156456,"Drama,Sport",Antoine Fuqua
639,2017-07-28,Atomic Blonde 2017,30000000,51573925,98345423,46771498,68345423,"Action,Mystery,Thriller",David Leitch
640,2015-09-18,Sicario 2015,30000000,46889293,84393749,37504456,54393749,"Action,Crime,Drama",Denis Villeneuve
641,2018-01-19,Den of Thieves 2018,30000000,44947622,80131391,35183769,50131391,"Action,Crime,Drama",Christian Gudegast
642,2012-04-13,The Three Stooges 2012,30000000,44338224,54052249,9714025,24052249,"Comedy,Family","Bobby Farrelly, Peter Farrelly"
643,2014-10-24,John Wick 2014,30000000,43037835,76235001,33197166,46235001,"Action,Crime,Thriller","David Leitch, Chad Stahelski"
644,2015-04-24,The Age of Adaline 2015,30000000,42629776,68984536,26354760,38984536,"Drama,Fantasy,Romance",Lee Toland Krieger
645,2010-08-06,Step Up 3D 2010,30000000,42400223,165889117,123488894,135889117,"Drama,Music,Romance",Jon M. Chu
646,2011-04-08,Hanna 2011,30000000,40259119,65343694,25084575,35343694,"Action,Drama,Thriller",Joe Wright
647,2013-09-13,The Family 2013,30000000,36918811,51078541,14159730,21078541,"Comedy,Crime,Thriller",Luc Besson
648,2013-09-13,The Family 2013,30000000,36918811,51078541,14159730,21078541,"Comedy,Crime,Drama",Matt Tory
649,2018-02-09,The 15:17 to Paris 2018,30000000,36276286,56096200,19819914,26096200,"Biography,Drama,Thriller",Clint Eastwood
650,2011-07-01,Larry Crowne 2011,30000000,35608245,61449135,25840890,31449135,"Comedy,Drama,Romance",Tom Hanks
651,2013-10-18,Carrie 2013,30000000,35266619,82409520,47142901,52409520,"Drama,Horror",Kimberly Peirce
652,2018-03-02,Death Wish 2018,30000000,34017028,48575965,14558937,18575965,"Action,Crime,Drama",Eli Roth
653,2015-06-03,Entourage 2015,30000000,32363404,46438538,14075134,16438538,Comedy,Doug Ellin
654,2013-02-08,Side Effects 2013,30000000,32172757,66742138,34569381,36742138,"Crime,Drama,Mystery",Steven Soderbergh
655,2014-07-02,Deliver Us from Evil 2014,30000000,30577122,87956618,57379496,57956618,"Horror,Mystery,Thriller",Scott Derrickson
656,2014-08-01,Get on Up 2014,30000000,30569935,33339868,2769933,3339868,"Biography,Drama,Music",Tate Taylor
657,2012-04-27,The Five-Year Engagement 2012,30000000,28700285,61623819,32923534,31623819,"Comedy,Romance",Nicholas Stoller
658,2011-07-15,Winnie the Pooh 2011,30000000,26692846,50145607,23452761,20145607,"Adventure,Animation,Comedy","Don Hall, Stephen J. Anderson"
659,2018-09-14,White Boy Rick 2018,30000000,24004833,25947983,1943150,-4052017,"Crime,Drama",Yann Demange
660,2011-02-04,Sanctum 2011,30000000,23209310,108957098,85747788,78957098,"Adventure,Drama,Thriller",Alister Grierson
661,2010-11-19,The Next Three Days 2010,30000000,21148651,67255916,46107265,37255916,"Action,Crime,Drama",Paul Haggis
662,2018-01-12,Proud Mary 2018,30000000,20868638,21709539,840901,-8290461,"Action,Crime,Drama",Babak Najafi
663,2013-10-04,Runner Runner 2013,30000000,19316646,60512680,41196034,30512680,"Crime,Thriller",Brad Furman
664,2017-04-28,Baahubali 2: The Conclusion 2017,30000000,18985794,263502914,244517120,233502914,"Action,Drama",S.S. Rajamouli
665,2011-08-19,Fright Night 2011,30000000,18298649,40520649,22222000,10520649,"Comedy,Horror",Craig Gillespie
666,2015-10-09,Steve Jobs 2015,30000000,17766658,35579007,17812349,5579007,"Biography,Drama",Danny Boyle
667,2013-01-18,The Last Stand 2013,30000000,12050299,48330757,36280458,18330757,"Action,Thriller",Jee-woon Kim
668,2013-03-08,Dead Man Down 2013,30000000,10895295,19599974,8704679,-10400026,"Action,Crime,Drama",Niels Arden Oplev
669,2017-02-03,The Space Between Us 2017,30000000,7885294,16481405,8596111,-13518595,"Adventure,Drama,Romance",Peter Chelsom
670,2018-08-31,Kin 2018,30000000,5718096,10096821,4378725,-19903179,"Action,Drama,Sci-Fi","Jonathan Baker, Josh Baker"
671,2017-09-22,Stronger 2017,30000000,4211129,8786752,4575623,-21213248,"Biography,Drama",David Gordon Green
672,2017-09-22,Stronger 2017,30000000,4211129,8786752,4575623,-21213248,Drama,Robin B. Murray
673,2019-06-14,Shaft 2019,30000000,600000,600000,0,-29400000,"Action,Comedy,Crime",Tim Story
674,2011-09-23,Machine Gun Preacher 2011,30000000,538690,3721988,3183298,-26278012,"Action,Biography,Crime",Marc Forster
675,2015-01-30,Wild Card 2015,30000000,3200,4315789,4312589,-25684211,"Action,Crime,Drama",Simon West
676,2015-05-15,Pitch Perfect 2 2015,29000000,184296230,287625468,103329238,258625468,"Comedy,Music",Elizabeth Banks
677,2018-09-28,Night School 2018,29000000,77339130,103008792,25669662,74008792,Comedy,Malcolm D. Lee
678,2016-04-08,The Boss 2016,29000000,63077560,78652207,15574647,49652207,Comedy,Ben Falcone
679,2017-08-18,Logan Lucky 2017,29000000,27778642,44264271,16485629,15264271,"Comedy,Crime,Drama",Steven Soderbergh
680,2016-08-12,Florence Foster Jenkins 2016,29000000,27383770,56000339,28616569,27000339,"Biography,Comedy,Drama",Stephen Frears
681,2015-08-14,Straight Outta Compton 2015,28000000,161197785,202182981,40985196,174182981,"Biography,Drama,History",F. Gary Gray
682,2017-07-21,Girls Trip 2017,28000000,115108515,140886353,25777838,112886353,"Comedy,Drama",Malcolm D. Lee
683,2017-11-01,A Bad Moms Christmas 2017,28000000,72110659,127710550,55599891,99710550,"Adventure,Comedy","Jon Lucas, Scott Moore"
684,2013-02-14,Safe Haven 2013,28000000,71399120,94050951,22651831,66050951,"Drama,Romance,Thriller",Lasse HallstrÃ¶m
685,2015-12-11,The Big Short 2015,28000000,70259870,133162752,62902882,105162752,"Biography,Comedy,Drama",Adam McKay
686,2014-10-10,"Alexander and the Terrible, Horrible, No Good, Very Bad Day 2014",28000000,66954149,101379287,34425138,73379287,"Comedy,Family",Miguel Arteta
687,2013-01-28,Last Vegas 2013,28000000,63914167,112914167,49000000,84914167,"Comedy,Drama",Jon Turteltaub
688,2018-06-15,Tag 2018,28000000,54730625,77026186,22295561,49026186,Comedy,Jeff Tomsic
689,2010-04-16,Kick-Ass 2010,28000000,48071303,97531134,49459831,69531134,"Action,Comedy",Matthew Vaughn
690,2011-08-12,30 Minutes or Less 2011,28000000,37053924,40966716,3912792,12966716,"Action,Comedy,Crime",Ruben Fleischer
691,2014-02-21,3 Days to Kill 2014,28000000,30697999,38959900,8261901,10959900,"Action,Drama,Thriller",McG
692,2013-08-16,Kick-Ass 2 2013,28000000,28795985,63129909,34333924,35129909,"Action,Comedy,Crime",Jeff Wadlow
693,2014-09-19,A Walk Among the Tombstones 2014,28000000,26017685,62108587,36090902,34108587,"Action,Crime,Drama",Scott Frank
694,2010-01-15,The Spy Next Door 2010,28000000,24307106,46752858,22445752,18752858,"Action,Comedy,Family",Brian Levant
695,2014-04-25,Brick Mansions 2014,28000000,20396829,73421224,53024395,45421224,"Action,Crime",Camille Delamarre
696,2015-08-21,American Ultra 2015,28000000,14439985,30295028,15855043,2295028,"Action,Comedy,Sci-Fi",Nima Nourizadeh
697,2016-02-05,Pride and Prejudice and Zombies 2016,28000000,10907291,16638300,5731009,-11361700,"Action,Comedy,Horror",Burr Steers
698,2012-01-13,Joyful Noise 2012,27500000,30932113,31157914,225801,3657914,"Comedy,Drama,Music",Todd Graff
699,2011-10-28,Anonymous 2011,27500000,4463292,15815509,11352217,-11684491,"Drama,Thriller",Roland Emmerich
700,2011-03-18,Limitless 2011,27000000,79249455,155564919,76315464,128564919,"Mystery,Sci-Fi,Thriller",Neil Burger
701,2016-05-13,Money Monster 2016,27000000,41012075,93466095,52454020,66466095,"Crime,Drama,Thriller",Jodie Foster
702,2013-04-26,Pain & Gain 2013,26000000,49875291,81275291,31400000,55275291,"Action,Comedy,Crime",Michael Bay
703,2010-01-22,Legion 2010,26000000,40168080,67647574,27479494,41647574,"Action,Fantasy,Horror",Scott Stewart
704,2012-08-29,Lawless 2012,26000000,37397291,54393687,16996396,28393687,"Crime,Drama",John Hillcoat
705,2014-10-17,The Best of Me 2014,26000000,26766213,41059418,14293205,15059418,"Drama,Romance",Michael Hoffman
706,2012-04-27,The Raven 2012,26000000,16008272,30601801,14593529,4601801,"Crime,Mystery,Thriller",James McTeigue
707,2013-10-18,The Fifth Estate 2013,26000000,3254172,6154172,2900000,-19845828,"Biography,Drama,Thriller",Bill Condon
708,2014-03-21,Blood Ties 2014,26000000,42472,2923959,2881487,-23076041,Documentary,Stefania MÃ¼ller
709,2015-03-17,Accidental Love 2015,26000000,0,135436,135436,-25864564,"Comedy,Romance",David O. Russell
710,2011-08-10,The Help 2011,25000000,169705587,213120004,43414417,188120004,Drama,Tate Taylor
711,2016-12-25,Hidden Figures 2016,25000000,169607287,231771716,62164429,206771716,"Biography,Drama,History",Theodore Melfi
712,2014-01-17,Ride Along 2014,25000000,134202565,153733800,19531235,128733800,"Action,Comedy,Crime",Tim Story
713,2010-02-05,Dear John 2010,25000000,80014842,142033509,62018667,117033509,"Drama,Romance,War",Lasse HallstrÃ¶m
714,2012-12-25,Parental Guidance 2012,25000000,77267296,120832383,43565087,95832383,"Comedy,Family",Andy Fickman
715,2011-01-21,No Strings Attached 2011,25000000,70662220,149228078,78565858,124228078,"Comedy,Romance",Ivan Reitman
716,2012-01-13,Contraband 2012,25000000,66528000,98406855,31878855,73406855,"Action,Crime,Drama",Baltasar KormÃ¡kur
717,2012-04-20,The Lucky One 2012,25000000,60457138,96633833,36176695,71633833,"Drama,Romance",Scott Hicks
718,2011-04-22,Madea's Big Happy Family 2011,25000000,53345287,54160818,815531,29160818,"Comedy,Drama",Tyler Perry
719,2014-08-15,The Giver 2014,25000000,45090374,66540205,21449831,41540205,"Drama,Romance,Sci-Fi",Phillip Noyce
720,2015-11-20,The Night Before 2015,25000000,43035725,52427346,9391621,27427346,"Adventure,Comedy,Fantasy",Jonathan Levine
721,2013-12-25,August: Osage County 2013,25000000,37738810,50738810,13000000,25738810,"Comedy,Drama",John Wells
722,2014-05-16,Million Dollar Arm 2014,25000000,36447959,39217912,2769953,14217912,"Biography,Drama,Sport",Craig Gillespie
723,2018-09-07,Peppermint 2018,25000000,35418723,51800758,16382035,26800758,"Action,Crime,Drama",Pierre Morel
724,2014-12-10,The Gambler 2014,25000000,33680992,38718031,5037039,13718031,"Crime,Drama,Thriller",Rupert Wyatt
725,2017-02-17,Fist Fight 2017,25000000,32187017,40286416,8099399,15286416,Comedy,Richie Keen
726,2011-12-09,The Sitter 2011,25000000,30542576,38749404,8206828,13749404,Comedy,David Gordon Green
727,2014-04-11,Draft Day 2014,25000000,28842237,29847480,1005243,4847480,"Drama,Sport",Ivan Reitman
728,2017-02-03,Rings 2017,25000000,27793018,82917283,55124265,57917283,"Drama,Horror,Mystery",F. Javier GutiÃ©rrez
729,2010-04-23,The Losers 2010,25000000,23591432,29863840,6272408,4863840,"Action,Adventure,Crime",Sylvain White
730,2011-02-11,The Eagle 2011,25000000,19490041,38993548,19503507,13993548,"Action,Adventure,Drama",Kevin Macdonald
731,2011-09-02,Shark Night 3D 2011,25000000,18877153,18877153,0,-6122847,"Horror,Thriller",David R. Ellis
732,2017-12-22,Father Figures 2017,25000000,17501244,21038441,3537197,-3961559,"Adventure,Comedy,Drama",Lawrence Sher
733,2013-10-25,The Counselor 2013,25000000,16973715,71009334,54035619,46009334,"Crime,Drama,Thriller",Ridley Scott
734,2018-12-07,Mary Queen of Scots 2018,25000000,16468499,46734733,30266234,21734733,"Biography,Drama,History",Josie Rourke
735,2010-10-08,My Soul to Take 2010,25000000,14744435,16727470,1983035,-8272530,"Horror,Mystery,Thriller",Wes Craven
736,2011-09-09,Warrior 2011,25000000,13657115,24215385,10558270,-784615,"Drama,Sport",Gavin O'Connor
737,2017-09-22,Battle of the Sexes 2017,25000000,12638526,18445379,5806853,-6554621,"Biography,Comedy,Drama","Valerie Faris, Jonathan Dayton"
738,2012-12-21,Cirque du Soleil: Worlds Away 2012,25000000,12512862,28012862,15500000,3012862,Fantasy,Andrew Adamson
739,2015-11-13,The 33 2015,25000000,12227722,28400715,16172993,3400715,"Biography,Drama,History",Patricia Riggen
740,2011-09-16,Straw Dogs 2011,25000000,10324441,11253821,929380,-13746179,"Action,Drama,Thriller",Rod Lurie
741,2019-01-25,Serenity 2019,25000000,8547045,11367029,2819984,-13632971,"Drama,Mystery,Sci-Fi",Steven Knight
742,2018-10-12,Beautiful Boy 2018,25000000,7634767,13031424,5396657,-11968576,"Biography,Drama",Felix van Groeningen
743,2019-03-15,Captive State 2019,25000000,5958315,8993300,3034985,-16006700,"Sci-Fi,Thriller",Rupert Wyatt
744,2018-04-13,Sgt. Stubby: An American Hero 2018,25000000,3054285,3645957,591672,-21354043,"Adventure,Animation,Family",Richard Lanni
745,2011-12-16,Carnage 2011,25000000,2546747,38112154,35565407,13112154,"Comedy,Drama",Roman Polanski
746,2017-09-01,Tulip Fever 2017,25000000,2455635,6792768,4337133,-18207232,"Drama,History,Romance",Justin Chadwick
747,2015-11-20,Legend 2015,25000000,1872994,42425450,40552456,17425450,"Biography,Crime,Drama",Brian Helgeland
748,2013-03-22,On the Road 2013,25000000,720828,9313302,8592474,-15686698,Documentary,Marvin Dau
749,2010-06-30,Love Ranch 2010,25000000,137885,146149,8264,-24853851,"Biography,Comedy,Drama",Taylor Hackford
750,2011-07-08,Ironclad 2011,25000000,0,5297411,5297411,-19702589,"Action,Adventure,Drama",Jonathan English
751,2019-05-10,The Professor and the Madman 2019,25000000,0,5227233,5227233,-19772767,"Biography,Drama,Mystery",Farhad Safinia
752,2012-11-09,Dangerous Liaisons 2012,24200000,17000,10447579,10430579,-13752421,"Drama,Mystery,Romance",Jin-ho Hur
753,2014-06-20,Think Like a Man Too 2014,24000000,65028687,70027933,4999246,46027933,"Comedy,Romance",Tim Story
754,2016-12-16,Fences 2016,24000000,57682904,64282881,6599977,40282881,Drama,Denzel Washington
755,2011-10-14,Footloose 2011,24000000,51802742,62989834,11187092,38989834,"Comedy,Drama,Music",Craig Brewer
756,2017-04-07,Going in Style 2017,24000000,45018541,78672579,33654038,54672579,"Comedy,Crime",Zach Braff
757,2010-08-20,Piranha 3D 2010,24000000,25003155,83660160,58657005,59660160,"Comedy,Horror",Alexandre Aja
758,2010-11-24,Faster 2010,24000000,23240020,35792945,12552925,11792945,"Action,Crime,Drama",George Tillman Jr.
759,2011-09-16,I Don't Know How She Does It 2011,24000000,9659074,24474463,14815389,474463,"Comedy,Romance",Douglas McGrath
760,2013-12-20,Dhoom 3 2013,24000000,8031955,11723620,3691665,-12276380,"Action,Thriller",Vijay Krishna Acharya
761,2018-11-16,Green Book 2018,23000000,85080171,322034439,236954268,299034439,"Biography,Comedy,Drama",Peter Farrelly
762,2015-01-16,The Wedding Ringer 2015,23000000,64460211,80171596,15711385,57171596,Comedy,Jeremy Garelick
763,2011-10-07,The Ides of March 2011,23000000,40962534,77735925,36773391,54735925,"Drama,Thriller",George Clooney
764,2018-10-05,The Hate U Give 2018,23000000,29719483,35067665,5348182,12067665,"Crime,Drama",George Tillman Jr.
765,2013-06-28,Redemption 2013,23000000,36686,13593473,13556787,-9406527,"Action,Crime,Drama",Steven Knight
766,2013-06-28,Redemption 2013,23000000,36686,13593473,13556787,-9406527,"Drama,Music,Thriller",Ric White
767,2013-06-28,Redemption 2013,23000000,36686,13593473,13556787,-9406527,"Family,Horror,Romance",Qing Zhu
768,2013-06-28,Redemption 2013,23000000,36686,13593473,13556787,-9406527,"Drama,Mystery,Thriller",Tim Martin Crouse
769,2016-11-18,Nocturnal Animals 2016,22500000,10663357,32398681,21735324,9898681,"Drama,Thriller",Tom Ford
770,2014-02-28,Son of God 2014,22000000,59700064,70949793,11249729,48949793,"Biography,Drama,History",Christopher Spencer
771,2014-08-08,The Hundred-Foot Journey 2014,22000000,54235441,94270488,40035047,72270488,"Comedy,Drama",Lasse HallstrÃ¶m
772,2012-08-03,Diary of a Wimpy Kid: Dog Days 2012,22000000,49008662,77229695,28221033,55229695,"Comedy,Family",David Bowers
773,2013-11-22,Delivery Man 2013,22000000,30659817,70536870,39877053,48536870,"Comedy,Drama",Ken Scott
774,2016-02-05,"Hail, Caesar! 2016",22000000,30080225,64160680,34080455,42160680,"Comedy,Drama,Music","Ethan Coen, Joel Coen"
775,2017-05-19,Diary of a Wimpy Kid: The Long Haul 2017,22000000,20738724,35609577,14870853,13609577,"Comedy,Family",David Bowers
776,2013-11-27,Homefront 2013,22000000,20158492,51695362,31536870,29695362,"Action,Thriller",Gary Fleder
777,2013-11-27,Homefront 2013,22000000,20158492,51695362,31536870,29695362,Drama,Chip Rossetti
778,2015-09-04,The Transporter Refueled 2015,22000000,16029670,69698495,53668825,47698495,"Action,Adventure,Crime",Camille Delamarre
779,2017-11-17,"Roman J. Israel, Esq. 2017",22000000,11962712,12967012,1004300,-9032988,"Crime,Drama,Thriller",Dan Gilroy
780,2013-12-04,Out of the Furnace 2013,22000000,11330849,15434375,4103526,-6565625,"Crime,Drama,Thriller",Scott Cooper
781,2017-12-08,Just Getting Started 2017,22000000,6069605,6756412,686807,-15243588,"Action,Comedy",Ron Shelton
782,2014-10-31,Before I Go to Sleep 2014,22000000,3242457,19563579,16321122,-2436421,"Drama,Horror,Mystery",Rowan Joffe
783,2010-10-08,Stone 2010,22000000,1810078,4065020,2254942,-17934980,"Drama,Thriller",John Curran
784,2012-06-22,To Rome with Love 2012,21500000,16684352,74326015,57641663,52826015,"Comedy,Music,Romance",Woody Allen
785,2012-11-16,Silver Linings Playbook 2012,21000000,132092958,236412453,104319495,215412453,"Comedy,Drama,Romance",David O. Russell
786,2018-04-06,Blockers 2018,21000000,60311495,94045328,33733833,73045328,Comedy,Kay Cannon
787,2019-04-05,Pet Sematary 2019,21000000,54724696,109501146,54776450,88501146,"Horror,Mystery,Thriller","Kevin KÃ¶lsch, Dennis Widmyer"
788,2010-04-16,Death at a Funeral 2010,21000000,42739347,48977233,6237886,27977233,Comedy,Neil LaBute
789,2010-11-05,For Colored Girls 2010,21000000,37729698,38017873,288175,17017873,Drama,Tyler Perry
790,2017-08-04,Kidnap 2017,21000000,30718107,34836080,4117973,13836080,"Crime,Drama,Thriller",Luis Prieto
791,2011-12-09,Tinker Tailor Soldier Spy 2011,21000000,24149393,81452811,57303418,60452811,"Drama,Mystery,Thriller",Tomas Alfredson
792,2011-05-06,The Beaver 2011,21000000,970816,5046038,4075222,-15953962,Drama,Jodie Foster
793,2017-02-24,Bitter Harvest 2017,21000000,557241,606162,48921,-20393838,"Drama,Romance,War",George Mendeluk
794,2019-02-01,Velvet Buzzsaw 2019,21000000,0,0,0,-21000000,"Horror,Mystery,Thriller",Dan Gilroy
795,2019-03-22,Us 2019,20000000,175006930,254210310,79203380,234210310,"Horror,Mystery,Thriller",Jordan Peele
796,2016-12-09,La La Land 2016,20000000,151101803,426351163,275249360,406351163,"Comedy,Drama,Music",Damien Chazelle
797,2013-07-19,The Conjuring 2013,20000000,137400141,318000141,180600000,298000141,"Horror,Mystery,Thriller",James Wan
798,2017-11-17,Wonder 2017,20000000,132422809,304604712,172181903,284604712,"Drama,Family",Stephen Chbosky
799,2010-10-15,Jackass 3D 2010,20000000,117229692,171685793,54456101,151685793,"Action,Comedy,Documentary",Jeff Tremaine
800,2016-07-29,Bad Moms 2016,20000000,113257297,180998716,67741419,160998716,Comedy,"Jon Lucas, Scott Moore"
801,2019-01-18,Glass 2019,20000000,111035005,245303505,134268500,225303505,"Drama,Sci-Fi,Thriller",M. Night Shyamalan
802,2014-07-02,Tammy 2014,20000000,84525432,96407655,11882223,76407655,"Comedy,Romance",Ben Falcone
803,2011-11-16,The Descendants 2011,20000000,82624961,175507800,92882839,155507800,"Comedy,Drama",Alexander Payne
804,2010-03-31,The Last Song 2010,20000000,62950384,92678948,29728564,72678948,"Drama,Music,Romance",Julie Anne Robinson
805,2010-04-02,Why Did I Get Married Too? 2010,20000000,60095852,60831067,735215,40831067,"Comedy,Drama,Romance",Tyler Perry
806,2013-10-18,12 Years a Slave 2013,20000000,56671993,181025343,124353350,161025343,"Biography,Drama,History",Steve McQueen
807,2016-06-03,Me Before You 2016,20000000,56245075,208265198,152020123,188265198,"Drama,Romance",Thea Sharrock
808,2019-02-08,What Men Want 2019,20000000,54611903,69911903,15300000,49911903,"Comedy,Fantasy,Romance",Adam Shankman
809,2016-04-15,Barbershop: The Next Cut 2016,20000000,54030051,54404202,374151,34404202,"Comedy,Drama",Malcolm D. Lee
810,2018-09-14,A Simple Favor 2018,20000000,53548586,97628717,44080131,77628717,"Comedy,Crime,Drama",Paul Feig
811,2015-11-06,Spotlight 2015,20000000,45055776,92088460,47032684,72088460,"Crime,Drama",Tom McCarthy
812,2015-11-06,Spotlight 2015,20000000,45055776,92088460,47032684,72088460,Drama,Sunkanmi Adebayo
813,2018-03-30,Acrimony 2018,20000000,43549096,46627836,3078740,26627836,"Drama,Romance,Thriller",Tyler Perry
814,2015-06-26,Max 2015,20000000,42656255,43658157,1001902,23658157,"Adventure,Drama,Family",Boaz Yakin
815,2017-11-17,The Star 2017,20000000,40847995,62758010,21910015,42758010,"Adventure,Animation,Comedy",Timothy Reckart
816,2016-07-27,Nerve 2016,20000000,38583626,70652284,32068658,50652284,"Action,Adventure,Crime","Henry Joost, Ariel Schulman"
817,2016-02-19,Risen 2016,20000000,36880033,46255763,9375730,26255763,"Action,Adventure,Drama",Kevin Reynolds
818,2010-08-18,Vampires Suck 2010,20000000,36661504,81424988,44763484,61424988,Comedy,"Jason Friedberg, Aaron Seltzer"
819,2010-09-01,The American 2010,20000000,35606376,67950723,32344347,47950723,"Crime,Drama,Thriller",Anton Corbijn
820,2011-11-04,A Very Harold & Kumar 3D Christmas 2011,20000000,35061031,36265745,1204714,16265745,"Adventure,Comedy",Todd Strauss-Schulson
821,2013-01-04,Texas Chainsaw 3D 2013,20000000,34341945,47666013,13324068,27666013,"Horror,Thriller",John Luessenhop
822,2010-03-12,She's Out of My League 2010,20000000,32010860,48680977,16670117,28680977,"Comedy,Romance",Jim Field Smith
823,2013-08-23,The World's End 2013,20000000,26004851,47508505,21503654,27508505,"Action,Comedy,Sci-Fi",Edgar Wright
824,2010-09-24,You Again 2010,20000000,25702053,32838945,7136892,12838945,"Comedy,Family,Romance",Andy Fickman
825,2018-12-25,On the Basis of Sex 2018,20000000,24622687,38073377,13450690,18073377,"Biography,Drama",Mimi Leder
826,2014-02-14,Endless Love 2014,20000000,23438250,34718173,11279923,14718173,"Drama,Romance",Shana Feste
827,2011-07-01,Monte Carlo 2011,20000000,23186769,39686769,16500000,19686769,"Adventure,Comedy,Family",Thomas Bezucha
828,2017-06-16,Rough Night 2017,20000000,22105643,46844357,24738714,26844357,"Comedy,Crime,Thriller",Lucia Aniello
829,2015-11-20,Secret in Their Eyes 2015,20000000,20180155,32608019,12427864,12608019,"Crime,Drama,Mystery",Billy Ray
830,2017-09-29,Flatliners 2017,20000000,16883115,45173738,28290623,25173738,"Drama,Horror,Mystery",Niels Arden Oplev
831,2012-04-13,Lockout 2012,20000000,14326865,33943049,19616184,13943049,"Action,Sci-Fi,Thriller","James Mather, Steve Saint Leger"
832,2011-09-30,What's Your Number? 2011,20000000,14011084,30163785,16152701,10163785,"Comedy,Romance",Mark Mylod
833,2015-10-30,Burnt 2015,20000000,13651946,36773510,23121564,16773510,"Comedy,Drama",John Wells
834,2016-02-26,Triple 9 2016,20000000,12639297,25943792,13304495,5943792,"Crime,Thriller",John Hillcoat
835,2016-09-02,The Light Between Oceans 2016,20000000,12545979,22281732,9735753,2281732,"Drama,Romance",Derek Cianfrance
836,2010-10-01,Let Me In 2010,20000000,12134935,28270399,16135464,8270399,"Drama,Fantasy,Horror",Matt Reeves
837,2016-06-03,Popstar: Never Stop Never Stopping 2016,20000000,9496130,9537120,40990,-10462880,"Comedy,Music","Akiva Schaffer, Jorma Taccone"
838,2017-10-27,Thank You for Your Service 2017,20000000,9479390,9985316,505926,-10014684,"Biography,Drama,War",Jason Hall
839,2013-09-20,Battle of the Year 2013,20000000,8888355,16723377,7835022,-3276623,"Drama,Music",Benson Lee
840,2014-12-12,Inherent Vice 2014,20000000,8110975,14772346,6661371,-5227654,"Comedy,Crime,Drama",Paul Thomas Anderson
841,2013-10-11,Machete Kills 2013,20000000,8008161,18273009,10264848,-1726991,"Action,Crime,Sci-Fi",Robert Rodriguez
842,2015-04-24,Little Boy 2015,20000000,6485961,17769299,11283338,-2230701,"Drama,History,War",Alejandro Monteverde
843,2012-10-26,Chasing Mavericks 2012,20000000,6002756,8300821,2298065,-11699179,"Biography,Drama,Sport","Michael Apted, Curtis Hanson"
844,2014-12-31,A Most Violent Year 2014,20000000,5749134,8846875,3097741,-11153125,"Crime,Drama,Thriller",J.C. Chandor
845,2011-11-23,A Dangerous Method 2011,20000000,5702083,14807531,9105448,-5192469,"Biography,Drama,Romance",David Cronenberg
846,2016-08-26,Hands of Stone 2016,20000000,4712792,5031975,319183,-14968025,"Action,Biography,Drama",Jonathan Jakubowicz
847,2012-09-07,The Cold Light of Day 2012,20000000,3763583,25361206,21597623,5361206,"Action,Thriller",Mabrouk El Mechri
848,2018-10-26,Suspiria 2018,20000000,2483472,7034615,4551143,-12965385,"Fantasy,Horror,Mystery",Luca Guadagnino
849,2015-11-13,My All-American 2015,20000000,2246000,2246000,0,-17754000,"Biography,Drama,Sport",Angelo Pizzo
850,2010-08-06,Middle Men 2010,20000000,754301,754301,0,-19245699,"Action,Comedy,Crime",Matt Marshall
851,2010-12-03,All Good Things 2010,20000000,582024,873617,291593,-19126383,"Crime,Drama,Mystery",Andrew Jarecki
852,2015-11-13,By the Sea 2015,20000000,538460,3727746,3189286,-16272254,"Drama,Romance",Angelina Jolie
853,2010-12-10,The Tempest 2010,20000000,277943,277943,0,-19722057,"Comedy,Drama,Fantasy",Julie Taymor
854,2010-12-10,The Tempest 2010,20000000,277943,277943,0,-19722057,Drama,Des McAnuff
855,2015-10-30,Regression 2015,20000000,55039,15824374,15769335,-4175626,"Crime,Horror,Mystery",Alejandro AmenÃ¡bar
856,2012-12-31,Zambezia 2012,20000000,0,34454336,34454336,14454336,"Adventure,Animation,Comedy",Wayne Thornley
857,2015-05-29,Survivor 2015,20000000,0,1703281,1703281,-18296719,"Action,Crime,Thriller",James McTeigue
858,2016-11-18,The History of Love 2016,20000000,0,476624,476624,-19523376,"Drama,Romance,War",Radu Mihaileanu
859,2014-08-29,Dwegons and Leprechauns 2014,20000000,0,0,0,-20000000,Animation,Tom Walsh
860,2016-07-22,Fight Valley 2016,20000000,0,0,0,-20000000,"Action,Drama",Rob Hawk
861,2018-12-13,Bird Box 2018,19800000,0,0,0,-19800000,"Drama,Horror,Sci-Fi",Susanne Bier
862,2017-12-01,The Shape of Water 2017,19500000,63859435,195790794,131931359,176290794,"Adventure,Drama,Fantasy",Guillermo del Toro
863,2013-08-23,The Frozen Ground 2013,19200000,0,5617460,5617460,-13582540,"Crime,Drama,Mystery",Scott Walker
864,2011-07-29,The Devil's Double 2011,19100000,1361512,5965646,4604134,-13134354,"Biography,Drama,Thriller",Lee Tamahori
865,2011-06-24,Bad Teacher 2011,19000000,100292856,215448997,115156141,196448997,"Comedy,Romance",Jake Kasdan
866,2016-08-12,Sausage Party 2016,19000000,97670358,141344255,43673897,122344255,"Adventure,Animation,Comedy","Conrad Vernon, Greg Tiernan"
867,2010-02-26,The Crazies 2010,19000000,39123589,56445534,17321945,37445534,"Horror,Thriller",Breck Eisner
868,2010-08-20,The Switch 2010,19000000,27758465,49858465,22100000,30858465,"Comedy,Drama,Romance","Josh Gordon, Will Speck"
869,2010-01-08,Leap Year 2010,19000000,25918920,32618920,6700000,13618920,"Comedy,Romance",Anand Tucker
870,2010-01-08,Leap Year 2010,19000000,25918920,32618920,6700000,13618920,"Drama,Romance",Michael Rowe
871,2013-11-08,The Book Thief 2013,19000000,21488481,76086711,54598230,57086711,"Drama,War",Brian Percival
872,2011-03-04,Take Me Home Tonight 2011,19000000,6928068,7576604,648536,-11423396,"Comedy,Drama,Romance",Michael Dowse
873,2012-09-28,Won't Back Down 2012,19000000,5310554,5745503,434949,-13254497,Drama,Daniel Barnz
874,2018-06-01,Action Point 2018,19000000,5059608,5103675,44067,-13896325,Comedy,Tim Kirkby
875,2014-05-09,Neighbors 2014,18000000,150086800,270944428,120857628,252944428,Comedy,Nicholas Stoller
876,2016-03-25,My Big Fat Greek Wedding 2 2016,18000000,59689605,92096558,32406953,74096558,"Comedy,Romance",Kirk Jones
877,2015-09-11,The Perfect Guy 2015,18000000,57027435,60278166,3250731,42278166,"Crime,Drama,Horror",David M. Rosenthal
878,2011-03-25,Diary of a Wimpy Kid: Rodrick Rules 2011,18000000,52698535,73695194,20996659,55695194,"Comedy,Family",David Bowers
879,2011-04-08,Soul Surfer 2011,18000000,43853424,47158652,3305228,29158652,"Biography,Drama,Family",Sean McNamara
880,2018-06-29,Uncle Drew 2018,18000000,42469946,46527161,4057215,28527161,"Comedy,Sport",Charles Stone III
881,2014-10-17,Birdman or (The Unexpected Virtue of Ignorance) 2014,18000000,42340598,103215094,60874496,85215094,"Comedy,Drama",Alejandro G. IÃ±Ã¡rritu
882,2013-07-26,Blue Jasmine 2013,18000000,33404871,102912961,69508090,84912961,Drama,Woody Allen
883,2015-08-07,Ricki and the Flash 2015,18000000,26839498,41166033,14326535,23166033,"Comedy,Drama,Music",Jonathan Demme
884,2015-11-13,Love the Coopers 2015,18000000,26302731,42227490,15924759,24227490,"Comedy,Fantasy,Romance",Jessie Nelson
885,2017-04-28,The Circle 2017,18000000,20497844,40651864,20154020,22651864,"Drama,Horror,Thriller",Peter Callow
886,2017-04-28,The Circle 2017,18000000,20497844,40651864,20154020,22651864,"Drama,Sci-Fi,Thriller",James Ponsoldt
887,2017-04-28,The Circle 2017,18000000,20497844,40651864,20154020,22651864,Documentary,Philippa Frisby
888,2010-11-05,127 Hours 2010,18000000,18335230,60217171,41881941,42217171,"Adventure,Biography,Drama",Danny Boyle
889,2016-01-15,Norm of the North 2016,18000000,17062499,30535660,13473161,12535660,"Adventure,Animation,Comedy",Trevor Wall
890,2013-08-16,Jobs 2013,18000000,16131410,43402515,27271105,25402515,"Biography,Drama",Joshua Michael Stern
891,2014-07-25,And So It Goes 2014,18000000,15160801,17920013,2759212,-79987,"Comedy,Drama,Romance",Rob Reiner
892,2013-08-30,Getaway 2013,18000000,10501938,11813989,1312051,-6186011,"Action,Crime,Thriller",Courtney Solomon
893,2016-03-18,Midnight Special 2016,18000000,3712282,7680250,3967968,-10319750,"Action,Drama,Mystery",Jeff Nichols
894,2016-11-25,Miss Sloane 2016,18000000,3500605,7719630,4219025,-10280370,"Drama,Thriller",John Madden
895,2013-09-27,Metallica Through the Never 2013,18000000,3419967,9082906,5662939,-8917094,Music,NimrÃ³d Antal
896,2013-03-01,Phantom 2013,18000000,1034589,1199510,164921,-16800490,"Drama,History,Thriller",Todd Robinson
897,2013-03-01,Phantom 2013,18000000,1034589,1199510,164921,-16800490,Drama,Jonathan Soler
898,2016-04-15,I Am Wrath 2016,18000000,0,309608,309608,-17690392,"Action,Crime,Drama",Chuck Russell
899,2014-11-14,Wolves 2014,18000000,0,94953,94953,-17905047,"Action,Fantasy,Horror",David Hayter
900,2014-08-22,The Prince 2014,18000000,0,0,0,-18000000,"Action,Thriller",Brian A. Miller
901,2014-08-22,The Prince 2014,18000000,0,0,0,-18000000,Drama,Mahmoud Behraznia
902,2016-02-19,Forsaken 2016,18000000,0,0,0,-18000000,Horror,Justin Price
903,2012-07-13,Red Lights 2012,17700000,49521,14518884,14469363,-3181116,"Drama,Fantasy,Horror",Rodrigo CortÃ©s
904,2013-11-27,Black Nativity 2013,17500000,7018188,7285135,266947,-10214865,"Drama,Family,Music",Kasi Lemmons
905,2018-04-06,A Quiet Place 2018,17000000,188024361,334522294,146497933,317522294,"Drama,Horror,Sci-Fi",John Krasinski
906,2013-11-15,The Best Man Holiday 2013,17000000,70525195,72835710,2310515,55835710,"Comedy,Drama",Malcolm D. Lee
907,2012-09-28,Pitch Perfect 2012,17000000,65001093,116044347,51043254,99044347,"Comedy,Music,Romance",Jason Moore
908,2013-04-05,Evil Dead 2013,17000000,54239856,97778356,43538500,80778356,"Fantasy,Horror,Thriller",Fede Alvarez
909,2015-02-20,"McFarland, USA 2015",17000000,44480275,45707924,1227649,28707924,"Biography,Drama,Sport",Niki Caro
910,2016-11-11,Almost Christmas 2016,17000000,42065185,42493506,428321,25493506,"Comedy,Drama",David E. Talbert
911,2011-03-04,Beastly 2011,17000000,27865571,38028230,10162659,21028230,"Drama,Fantasy,Romance",Daniel Barnz
912,2010-08-20,Lottery Ticket 2010,17000000,24719879,24719879,0,7719879,Comedy,Erik White
913,2012-08-24,The Apparition 2012,17000000,4936819,10637281,5700462,-6362719,"Horror,Thriller",Todd Lincoln
914,2016-06-10,Genius 2016,17000000,1361045,7265283,5904238,-9734717,"Biography,Drama",Michael Grandage
915,2019-07-12,Crawl 2019,17000000,0,0,0,-17000000,"Action,Horror,Thriller",Alexandre Aja
916,2016-03-11,The Young Messiah 2016,16800000,6469813,7313697,843884,-9486303,"Drama,Fantasy",Cyrus Nowrasteh
917,2012-05-25,Moonrise Kingdom 2012,16000000,45512466,68848446,23335980,52848446,"Adventure,Comedy,Drama",Wes Anderson
918,2011-11-25,The Artist 2011,16000000,44667095,128256712,83589617,112256712,"Comedy,Drama,Romance",Michel Hazanavicius
919,2011-11-25,The Artist 2011,16000000,44667095,128256712,83589617,112256712,Thriller,Sunil Prem Vyas
920,2011-02-04,The Roommate 2011,16000000,37300107,52545707,15245600,36545707,"Drama,Thriller",Christian E. Christiansen
921,2010-03-12,Remember Me 2010,16000000,19068240,56506120,37437880,40506120,"Drama,Romance",Allen Coulter
922,2014-10-03,Left Behind 2014,16000000,14019924,20769209,6749285,4769209,"Action,Drama,Fantasy",Vic Armstrong
923,2012-06-29,People Like Us 2012,16000000,12431792,12617472,185680,-3382528,"Comedy,Drama",Alex Kurtzman
924,2016-11-18,Bleed for This 2016,16000000,5083906,6603926,1520020,-9396074,"Biography,Drama,Sport",Ben Younger
925,2014-11-14,The Homesman 2014,16000000,2429989,8217571,5787582,-7782429,"Drama,Western",Tommy Lee Jones
926,2013-04-05,Trance 2013,16000000,2322593,22594052,20271459,6594052,"Crime,Drama,Mystery",Danny Boyle
927,2012-11-02,Vamps 2012,16000000,3361,94812,91451,-15905188,"Comedy,Horror,Romance",Amy Heckerling
928,2013-12-31,Zulu 2013,16000000,0,1844228,1844228,-14155772,"Crime,Drama,Thriller",JÃ©rÃ´me Salle
929,2018-12-21,Second Act 2018,15700000,39282227,63288854,24006627,47588854,"Comedy,Drama,Romance",Peter Segal
930,2017-08-11,Annabelle: Creation 2017,15000000,102092201,305384865,203292664,290384865,"Horror,Mystery,Thriller",David F. Sandberg
931,2014-11-28,The Imitation Game 2014,15000000,91125143,227740463,136615320,212740463,"Biography,Drama,Thriller",Morten Tyldum
932,2013-01-18,Mama 2013,15000000,71628180,148095566,76467386,133095566,"Horror,Thriller",Andy Muschietti
933,2010-03-19,Diary of a Wimpy Kid 2010,15000000,64003625,76954311,12950686,61954311,"Comedy,Drama,Family",Thor Freudenthal
934,2012-02-03,The Woman in Black 2012,15000000,54333290,128955898,74622608,113955898,"Drama,Fantasy,Horror",James Watkins
935,2018-08-10,BlacKkKlansman 2018,15000000,49275340,93017335,43741995,78017335,"Biography,Crime,Drama",Spike Lee
936,2013-02-22,Snitch 2013,15000000,42930462,57907734,14977272,42907734,"Action,Drama,Thriller",Ric Roman Waugh
937,2015-12-04,Krampus 2015,15000000,42725475,61788393,19062918,46788393,"Comedy,Fantasy,Horror",Michael Dougherty
938,2012-09-21,End of Watch 2012,15000000,41003371,57586606,16583235,42586606,"Action,Crime,Drama",David Ayer
939,2014-12-03,Wild 2014,15000000,37880356,52460543,14580187,37460543,"Adventure,Biography,Drama",Jean-Marc VallÃ©e
940,2014-11-07,The Theory of Everything 2014,15000000,35893537,123327692,87434155,108327692,"Biography,Drama,Romance",James Marsh
941,2011-09-16,Drive 2011,15000000,35060689,81357930,46297241,66357930,"Crime,Drama",Nicolas Winding Refn
942,2018-11-23,The Favourite 2018,15000000,34366783,94113929,59747146,79113929,"Biography,Drama,History",Yorgos Lanthimos
943,2014-08-22,When the Game Stands Tall 2014,15000000,30127963,30138912,10949,15138912,"Drama,Family,Sport",Thomas Carter
944,2017-09-08,Home Again 2017,15000000,27020284,37336874,10316590,22336874,"Comedy,Drama,Romance",Hallie Meyers-Shyer
945,2010-07-23,Ramona and Beezus 2010,15000000,26167002,27469621,1302619,12469621,"Adventure,Comedy,Family",Elizabeth Allen Rosenbaum
946,2014-08-27,The November Man 2014,15000000,25018119,34820335,9802216,19820335,"Action,Crime,Thriller",Roger Donaldson
947,2016-04-29,Keanu 2016,15000000,20591853,20688141,96288,5688141,"Action,Comedy,Crime",Peter Atencio
948,2010-12-22,Country Strong 2010,15000000,20218921,20601987,383066,5601987,"Drama,Music",Shana Feste
949,2014-07-25,A Most Wanted Man 2014,15000000,17237855,36068890,18831035,21068890,"Crime,Drama,Thriller",Anton Corbijn
950,2012-11-02,The Man with the Iron Fists 2012,15000000,15634090,22018988,6384898,7018988,Action,RZA
951,2019-02-01,Miss Bala 2019,15000000,14998027,15362298,364271,362298,"Action,Crime,Drama",Catherine Hardwicke
952,2012-11-30,Killing Them Softly 2012,15000000,14945541,39238443,24292902,24238443,"Crime,Thriller",Andrew Dominik
953,2011-08-19,One Day 2011,15000000,13843771,59168692,45324921,44168692,"Drama,Romance",Lone Scherfig
954,2016-09-23,Queen of Katwe 2016,15000000,8874389,10055481,1181092,-4944519,"Biography,Drama,Sport",Mira Nair
955,2018-06-08,Hotel Artemis 2018,15000000,6708137,12758799,6050662,-2241201,"Action,Drama,Sci-Fi",Drew Pearce
956,2015-10-30,Scouts Guide to the Zombie Apocalypse 2015,15000000,3703046,15554855,11851809,554855,"Action,Comedy,Horror",Christopher Landon
957,2010-09-22,You Will Meet a Tall Dark Stranger 2010,15000000,3247816,34247816,31000000,19247816,"Comedy,Drama,Romance",Woody Allen
958,2015-10-23,Rock the Kasbah 2015,15000000,3020665,3386153,365488,-11613847,"Comedy,Music,War",Barry Levinson
959,2010-09-15,Never Let Me Go 2010,15000000,2434652,11173718,8739066,-3826282,"Drama,Romance,Sci-Fi",Mark Romanek
960,2016-09-09,The Disappointments Room 2016,15000000,2423467,3503761,1080294,-11496239,"Drama,Horror,Thriller",D.J. Caruso
961,2010-08-27,Centurion 2010,15000000,123570,7885048,7761478,-7114952,"Action,Adventure,Drama",Neil Marshall
962,2011-11-04,The Son of No One 2011,15000000,30680,1148578,1117898,-13851422,"Action,Crime,Drama",Dito Montiel
963,2013-12-06,Khumba 2013,15000000,0,20898221,20898221,5898221,"Adventure,Animation,Family",Anthony Silverston
964,2015-09-01,Broken Horses 2015,15000000,0,3471,3471,-14996529,"Action,Crime,Drama",Vidhu Vinod Chopra
965,2019-08-14,Blinded by the Light 2019,15000000,0,0,0,-15000000,"Biography,Comedy,Drama",Gurinder Chadha
966,2015-07-01,Magic Mike XXL 2015,14500000,66013057,123660597,57647540,109160597,"Comedy,Drama,Music",Gregory Jacobs
967,2012-08-31,The Possession 2012,14000000,49130588,82925064,33794476,68925064,"Horror,Mystery,Thriller",Ole Bornedal
968,2010-03-12,Our Family Wedding 2010,14000000,20255281,21410546,1155265,7410546,"Comedy,Romance",Rick Famuyiwa
969,2015-02-20,Hot Tub Time Machine 2 2015,14000000,12314651,12826644,511993,-1173356,"Comedy,Mystery,Sci-Fi",Steve Pink
970,2012-10-26,Fun Size 2012,14000000,9409538,11166615,1757077,-2833385,"Adventure,Comedy",Josh Schwartz
971,2015-10-23,Suffragette 2015,14000000,4702420,34044909,29342489,20044909,"Biography,Drama,History",Sarah Gavron
972,2014-12-19,Mr. Turner 2014,14000000,3958546,25187026,21228480,11187026,"Biography,Drama,History",Mike Leigh
973,2010-08-06,Flipped 2010,14000000,1755212,4289993,2534781,-9710007,"Comedy,Drama,Romance",Rob Reiner
974,2011-09-30,Margaret 2011,14000000,47185,623292,576107,-13376708,Drama,Kenneth Lonergan
975,2012-10-12,Seven Psychopaths 2012,13500000,15024049,33035736,18011687,19535736,"Comedy,Crime",Martin McDonagh
976,2014-09-12,No Good Deed 2014,13200000,52543632,54323210,1779578,41123210,"Action,Crime,Drama",Sam Miller
977,2010-12-03,Black Swan 2010,13000000,106954678,331266710,224312032,318266710,"Drama,Thriller",Darren Aronofsky
978,2011-02-11,Justin Bieber: Never Say Never 2011,13000000,73013910,99034125,26020215,86034125,"Documentary,Music",Jon M. Chu
979,2018-07-04,The First Purge 2018,13000000,69488745,136617305,67128560,123617305,"Action,Horror,Sci-Fi",Gerard McMurray
980,2016-03-16,Miracles from Heaven 2016,13000000,61705123,73798736,12093613,60798736,"Biography,Drama,Family",Patricia Riggen
981,2016-06-24,The Shallows 2016,13000000,55121623,118763442,63641819,105763442,"Drama,Horror,Thriller",Jaume Collet-Serra
982,2014-02-14,About Last Night 2014,13000000,48637684,50445860,1808176,37445860,"Comedy,Romance",Steve Pink
983,2014-10-10,St. Vincent 2014,13000000,44137712,54837234,10699522,41837234,"Comedy,Drama",Theodore Melfi
984,2014-07-02,Earth to Echo 2014,13000000,38934842,42174545,3239703,29174545,"Adventure,Family,Sci-Fi",Dave Green
985,2013-03-22,Admission 2013,13000000,18007317,18733666,726349,5733666,"Comedy,Drama,Romance",Paul Weitz
986,2012-09-21,The Perks of Being a Wallflower 2012,13000000,17742948,33069303,15326355,20069303,Drama,Stephen Chbosky
987,2015-10-16,Room 2015,13000000,14677674,36262783,21585109,23262783,"Drama,Thriller",Lenny Abrahamson
988,2015-10-16,Woodlawn 2015,13000000,14394097,14403703,9606,1403703,"Drama,Sport","Andrew Erwin, Jon Erwin"
989,2015-07-17,Bajrangi Bhaijaan 2015,13000000,8178001,121778347,113600346,108778347,"Action,Comedy,Drama",Kabir Khan
990,2015-12-04,Youth 2015,13000000,2703296,24001573,21298277,11001573,"Comedy,Drama,Music",Paolo Sorrentino
991,2015-07-24,The Vatican Tapes 2015,13000000,1784763,14929184,13144421,1929184,"Horror,Thriller",Mark Neveldine
992,2011-07-29,Attack the Block 2011,13000000,1024175,6459183,5435008,-6540817,"Action,Comedy,Sci-Fi",Joe Cornish
993,2015-08-14,Brothers 2015,13000000,656688,17856688,17200000,4856688,Documentary,Aslaug Holm
994,2015-08-14,Brothers 2015,13000000,656688,17856688,17200000,4856688,"Action,Drama,Sport",Karan Malhotra
995,2015-08-14,Brothers 2015,13000000,656688,17856688,17200000,4856688,Documentary,Wojciech Staron
996,2010-06-18,The Killer Inside Me 2010,13000000,217277,3617277,3400000,-9382723,"Crime,Drama,Horror",Michael Winterbottom
997,2013-03-15,The Call 2013,12800000,51872378,69821476,17949098,57021476,"Crime,Drama,Horror",Brad Anderson
998,2013-03-15,The Call 2013,12800000,51872378,69821476,17949098,57021476,Documentary,Reber Dosky
999,2014-09-12,The Drop 2014,12600000,10724389,19054534,8330145,6454534,"Crime,Drama",MichaÃ«l R. Roskam
1000,2010-09-03,Machete 2010,12500000,26593646,46370970,19777324,33870970,"Action,Crime,Thriller","Robert Rodriguez, Ethan Maniquis"
1001,2010-10-15,Conviction 2010,12500000,6797696,11826980,5029284,-673020,"Biography,Crime,Drama",Tony Goldwyn
1002,2010-12-17,Casino Jack 2010,12500000,2039869,2272186,232317,-10227814,"Biography,Comedy,Crime",George Hickenlooper
1003,2012-10-05,The Paperboy 2012,12500000,677200,4027663,3350463,-8472337,"Crime,Drama,Mystery",Lee Daniels
1004,2014-06-06,The Fault in Our Stars 2014,12000000,124872350,307166834,182294484,295166834,"Drama,Romance",Josh Boone
1005,2012-04-20,Think Like a Man 2012,12000000,91547205,113373764,21826559,101373764,"Comedy,Romance",Tim Story
1006,2012-02-24,Act of Valor 2012,12000000,70012847,82497035,12484188,70497035,"Action,Adventure,Drama","Scott Waugh, Mike McCoy"
1007,2012-02-03,Chronicle 2012,12000000,64575175,123681790,59106615,111681790,"Drama,Sci-Fi,Thriller",Josh Trank
1008,2012-03-02,Project X 2012,12000000,54731865,103028188,48296323,91028188,Comedy,Nima Nourizadeh
1009,2017-11-10,"Three Billboards Outside Ebbing, Missouri 2017",12000000,54513740,160191915,105678175,148191915,"Crime,Drama",Martin McDonagh
1010,2016-11-25,Lion 2016,12000000,51739495,149570720,97831225,137570720,"Biography,Drama",Garth Davis
1011,2018-05-04,Overboard 2018,12000000,50316123,85369830,35053707,73369830,"Comedy,Romance",Rob Greenberg
1012,2013-11-22,Philomena 2013,12000000,37709979,98963392,61253413,86963392,"Biography,Comedy,Drama",Stephen Frears
1013,2015-07-24,Paper Towns 2015,12000000,32000304,85450484,53450180,73450484,"Comedy,Drama,Mystery",Jake Schreier
1014,2016-08-12,Hell or High Water 2016,12000000,27007844,37584304,10576460,25584304,"Action,Crime,Drama",David Mackenzie
1015,2012-07-05,Katy Perry: Part of Me 2012,12000000,25326071,32700439,7374368,20700439,"Documentary,Music","Jane Lipsitz, Dan Cutforth"
1016,2014-12-12,Top Five 2014,12000000,25317379,26001741,684362,14001741,"Comedy,Romance",Chris Rock
1017,2015-01-30,Project Almanac 2015,12000000,22348241,32909437,10561196,20909437,"Drama,Mystery,Sci-Fi",Dean Israelite
1018,2010-05-14,Just Wright 2010,12000000,21540363,21867665,327302,9867665,"Comedy,Romance,Sport",Sanaa Hamri
1019,2013-11-15,Nebraska 2013,12000000,17654912,24761360,7106448,12761360,"Adventure,Comedy,Drama",Alexander Payne
1020,2011-12-09,Young Adult 2011,12000000,16311571,22750356,6438785,10750356,"Comedy,Drama",Jason Reitman
1021,2013-11-01,About Time 2013,12000000,15323921,89309178,73985257,77309178,"Comedy,Drama,Fantasy",Richard Curtis
1022,2018-12-14,If Beale Street Could Talk 2018,12000000,14915773,19859167,4943394,7859167,"Drama,Romance",Barry Jenkins
1023,2017-07-14,Wish Upon 2017,12000000,14301505,23477345,9175840,11477345,"Drama,Fantasy,Horror",John R. Leonetti
1024,2017-04-21,Unforgettable 2017,12000000,11368012,16221211,4853199,4221211,"Drama,Thriller",Denise Di Novi
1025,2017-10-13,Marshall 2017,12000000,10051659,10116816,65157,-1883184,"Biography,Crime,Drama",Reginald Hudlin
1026,2012-09-14,Arbitrage 2012,12000000,7919574,35830713,27911139,23830713,"Drama,Thriller",Nicholas Jarecki
1027,2012-06-01,For Greater Glory: The True Story of Cristiada 2012,12000000,5669081,10026255,4357174,-1973745,"Drama,History,War",Dean Wright
1028,2013-03-01,Stoker 2013,12000000,1703125,12034913,10331788,34913,"Drama,Thriller",Chan-wook Park
1029,2011-03-11,Kill the Irishman 2011,12000000,1188194,1188194,0,-10811806,"Biography,Crime,Drama",Jonathan Hensleigh
1030,2012-04-20,Darling Companion 2012,12000000,793352,1200346,406994,-10799654,"Comedy,Drama,Romance",Lawrence Kasdan
1031,2015-10-09,Trash 2015,12000000,17484,6553186,6535702,-5446814,Drama,Hajime Gonno
1032,2011-08-19,5 Days of War 2011,12000000,17479,87793,70314,-11912207,"Action,Drama,War",Renny Harlin
1033,2015-11-11,10 Days in a Madhouse 2015,12000000,14616,14616,0,-11985384,Drama,Timothy Hines
1034,2014-10-03,Drive Hard 2014,12000000,0,0,0,-12000000,"Action,Comedy,Crime",Brian Trenchard-Smith
1035,2015-11-20,Carol 2015,11800000,12711491,42843521,30132030,31043521,"Drama,Romance",Todd Haynes
1036,2016-01-22,Dirty Grandpa 2016,11500000,35593113,105078449,69485336,93578449,Comedy,Dan Mazer
1037,2010-12-10,The Fighter 2010,11000000,93617009,129262388,35645379,118262388,"Biography,Drama,Sport",David O. Russell
1038,2014-08-22,If I Stay 2014,11000000,50474843,78356170,27881327,67356170,"Drama,Fantasy,Music",R.J. Cutler
1039,2015-11-04,Brooklyn 2015,11000000,38322743,62076141,23753398,51076141,"Drama,Romance",John Crowley
1040,2015-04-01,Woman in Gold 2015,11000000,33307793,58586407,25278614,47586407,"Biography,Drama,History",Simon Curtis
1041,2017-12-08,"I, Tonya 2017",11000000,30014534,53797409,23782875,42797409,"Biography,Comedy,Drama",Craig Gillespie
1042,2013-12-06,Inside Llewyn Davis 2013,11000000,13248209,32943247,19695038,21943247,"Drama,Music","Ethan Coen, Joel Coen"
1043,2013-05-10,Peeples 2013,11000000,9177065,9307166,130101,-1692834,"Comedy,Romance",Tina Gordon
1044,2016-07-06,Sultan 2016,11000000,5599781,72989781,67390000,61989781,"Action,Drama,Sport",Ali Abbas Zafar
1045,2012-05-04,LOL 2012,11000000,0,10431506,10431506,-568494,"Comedy,Drama,Romance",Lisa Azuelos
1046,2016-02-05,Misconduct 2016,11000000,0,2352511,2352511,-8647489,"Crime,Drama,Mystery",Shintaro Shimosawa
1047,2019-12-31,Eli 2019,11000000,0,0,0,-11000000,Horror,CiarÃ¡n Foy
1048,2013-12-06,The Last Days on Mars 2013,10600000,24084,261364,237280,-10338636,"Adventure,Horror,Sci-Fi",Ruairi Robinson
1049,2010-04-30,Housefull 2010,10100000,1183658,18726300,17542642,8626300,Comedy,Sajid Khan
1050,2018-10-19,Halloween 2018,10000000,159342015,254900667,95558652,244900667,"Horror,Thriller",David Gordon Green
1051,2016-07-01,The Purge: Election Year 2016,10000000,79042440,118514727,39472287,108514727,"Action,Horror,Sci-Fi",James DeMonaco
1052,2018-05-18,Book Club 2018,10000000,68566296,91113683,22547387,81113683,"Comedy,Drama,Romance",Bill Holderman
1053,2018-01-05,Insidious: The Last Key 2018,10000000,67745330,167885588,100140258,157885588,"Horror,Mystery,Thriller",Adam Robitel
1054,2017-11-03,Lady Bird 2017,10000000,48958273,78610769,29652496,68610769,"Comedy,Drama",Greta Gerwig
1055,2018-06-08,Hereditary 2018,10000000,44069456,70133905,26064449,60133905,"Drama,Horror,Mystery",Ari Aster
1056,2018-03-16,"Love, Simon 2018",10000000,40826341,65520633,24694292,55520633,"Comedy,Drama,Romance",Greg Berlanti
1057,2017-10-27,Jigsaw 2017,10000000,38052832,102445196,64392364,92445196,"Crime,Horror,Mystery","Peter Spierig, Michael Spierig"
1058,2016-01-22,The Boy 2016,10000000,35819556,68220952,32401396,58220952,"Horror,Mystery,Thriller",William Brent Bell
1059,2017-05-19,"Everything, Everything 2017",10000000,34121140,61603136,27481996,51603136,"Drama,Romance",Stella Meghie
1060,2010-09-17,Devil 2010,10000000,33679655,63354114,29674459,53354114,"Horror,Mystery,Thriller",John Erick Dowdle
1061,2015-03-06,The Second Best Exotic Marigold Hotel 2015,10000000,33078266,90384306,57306040,80384306,"Comedy,Drama",John Madden
1062,2017-04-28,How to Be a Latin Lover 2017,10000000,32149404,62556228,30406824,52556228,"Comedy,Drama",Ken Marino
1063,2018-08-10,Slender Man 2018,10000000,30564825,51723644,21158819,41723644,"Horror,Mystery,Thriller",Sylvain White
1064,2016-09-09,When the Bough Breaks 2016,10000000,29747603,30768449,1020846,20768449,"Crime,Drama,Horror",Jon Cassar
1065,2015-08-21,Sinister 2 2015,10000000,27740955,54104225,26363270,44104225,"Horror,Mystery,Thriller",CiarÃ¡n Foy
1066,2016-01-08,The Forest 2016,10000000,26594261,40749230,14154969,30749230,"Horror,Mystery,Thriller",Jason Zada
1067,2016-01-08,The Forest 2016,10000000,26594261,40749230,14154969,30749230,"Drama,Fantasy,Horror",Paul Spurrier
1068,2012-08-17,Sparkle 2012,10000000,24397469,24660323,262854,14660323,"Drama,Music",Salim Akil
1069,2016-10-14,Kevin Hart: What Now? 2016,10000000,23591043,23591043,0,13591043,"Comedy,Documentary","Tim Story, Leslie Small"
1070,2010-11-12,Skyline 2010,10000000,21416355,68264973,46848618,58264973,"Action,Sci-Fi,Thriller","Greg Strause, Colin Strause"
1071,2017-12-01,The Disaster Artist 2017,10000000,21120616,28717667,7597051,18717667,"Biography,Comedy,Drama",James Franco
1072,2016-09-16,Blair Witch 2016,10000000,20777061,38985577,18208516,28985577,"Horror,Mystery,Thriller",Adam Wingard
1073,2015-10-23,Paranormal Activity: The Ghost Dimension 2015,10000000,18297124,77959374,59662250,67959374,"Horror,Mystery,Thriller",Gregory Plotkin
1074,2016-10-07,The Birth of a Nation 2016,10000000,15861566,16891011,1029445,6891011,"Biography,Drama,History",Nate Parker
1075,2011-11-23,My Week with Marilyn 2011,10000000,14597405,34240572,19643167,24240572,"Biography,Drama",Simon Curtis
1076,2014-12-25,Big Eyes 2014,10000000,14482031,27317872,12835841,17317872,"Biography,Crime,Drama",Tim Burton
1077,2019-04-05,The Best of Enemies 2019,10000000,10205616,10205616,0,205616,"Biography,Drama,History",Robin Bissell
1078,2013-01-25,Movie 43 2013,10000000,8840453,31164747,22324294,21164747,Comedy,"James Gunn, Brett Ratner, Peter Farrelly, Elizabeth Banks, James Duffy, Patrik Forsberg, Will Graham, Steven Brill, Steve Carr, Rusty Cundieff, Griffin Dunne, Jonathan van Tulleken, Bob Odenkirk"
1079,2018-10-19,Can You Ever Forgive Me? 2018,10000000,8803865,11752387,2948522,1752387,"Biography,Comedy,Crime",Marielle Heller
1080,2010-05-21,MacGruber 2010,10000000,8525600,8629895,104295,-1370105,"Action,Comedy,Romance",Jorma Taccone
1081,2012-06-22,Seeking a Friend for the End of the World 2012,10000000,7078738,11766959,4688221,1766959,"Adventure,Comedy,Drama",Lorene Scafaria
1082,2016-11-11,Shut In 2016,10000000,6900335,11360665,4460330,1360665,"Drama,Mystery,Thriller",Farren Blackburn
1083,2011-02-11,Cedar Rapids 2011,10000000,6861102,7862131,1001029,-2137869,Comedy,Miguel Arteta
1084,2012-11-30,The Collection 2012,10000000,6810754,8890094,2079340,-1109906,"Action,Horror,Thriller",Marcus Dunstan
1085,2015-03-20,Danny Collins 2015,10000000,5637066,8465845,2828779,-1534155,"Biography,Comedy,Drama",Dan Fogelman
1086,2018-06-15,Gotti 2018,10000000,4286367,6089100,1802733,-3910900,"Biography,Crime,Drama",Kevin Connolly
1087,2016-09-30,Denial 2016,10000000,4073448,9263940,5190492,-736060,"Biography,Drama",Mick Jackson
1088,2016-09-30,Denial 2016,10000000,4073448,9263940,5190492,-736060,Documentary,"Anoosh Tertzakian, Derek Hallquist"
1089,2016-10-14,Max Steel 2016,10000000,3818664,4563080,744416,-5436920,"Action,Adventure,Family",Stewart Hendler
1090,2014-11-14,Rosewater 2014,10000000,3128941,3185717,56776,-6814283,"Biography,Drama",Jon Stewart
1091,2011-09-09,Bucky Larson: Born to Be a Star 2011,10000000,2529395,2529395,0,-7470605,Comedy,Tom Brady
1092,2011-06-24,A Better Life 2011,10000000,1759252,1884251,124999,-8115749,"Drama,Romance",Chris Weitz
1093,2011-06-24,A Better Life 2011,10000000,1759252,1884251,124999,-8115749,Drama,CÃ©dric Kahn
1094,2017-06-02,Churchill 2017,10000000,1279681,7582196,6302515,-2417804,"Biography,Drama,History",Jonathan Teplitzky
1095,2014-03-21,50 to 1 2014,10000000,1069454,1069454,0,-8930546,Drama,Jim Wilson
1096,2013-10-04,Parkland 2013,10000000,641439,1616353,974914,-8383647,"Drama,History,Mystery",Peter Landesman
1097,2013-05-03,"Cinco de Mayo, La Batalla 2013",10000000,173472,173472,0,-9826528,"Drama,History,War",Rafa Lara
1098,2010-10-29,Welcome to the Rileys 2010,10000000,152857,355919,203062,-9644081,Drama,Jake Scott
1099,2016-09-09,Kicks 2016,10000000,150191,150191,0,-9849809,"Adventure,Drama",Justin Tipping
1100,2010-02-19,Blood Done Sign My Name 2010,10000000,109383,109383,0,-9890617,Drama,Jeb Stuart
1101,2014-11-07,Elsa & Fred 2014,10000000,67657,197901,130244,-9802099,"Comedy,Drama,Romance",Michael Radford
1102,2015-07-10,Strangerland 2015,10000000,17472,161097,143625,-9838903,"Drama,Mystery,Thriller",Kim Farrant
1103,2014-12-26,Barbecue 2014,10000000,388,247565,247177,-9752435,Comedy,Eric Lavaine
1104,2010-12-31,The Reef 2010,10000000,0,15037867,15037867,5037867,"Adventure,Drama,Horror",Andrew Traucki
1105,2010-10-08,It's a Wonderful Afterlife 2010,10000000,0,1642939,1642939,-8357061,"Comedy,Drama,Fantasy",Gurinder Chadha
1106,2014-09-26,Plastic 2014,10000000,0,575371,575371,-9424629,"Action,Comedy,Crime",Julian Gilbey
1107,2012-04-13,Detention 2012,10000000,0,0,0,-10000000,Horror,Richy Salgado
1108,2015-05-19,Into the Grizzly Maze 2015,10000000,0,0,0,-10000000,"Action,Adventure,Drama",David Hackl
1109,2010-04-30,Gunless 2010,9900000,458054,458054,0,-9441946,"Action,Comedy,Drama",William Phillips
1110,2012-12-19,Amour 2012,9700000,6738954,36787044,30048090,27087044,"Drama,Romance",Michael Haneke
1111,2016-12-21,Dangal 2016,9500000,12391761,294654618,282262857,285154618,"Action,Biography,Drama",Nitesh Tiwari
1112,2010-03-19,The Runaways 2010,9500000,3573673,5278632,1704959,-4221368,"Biography,Drama,Music",Floria Sigismondi
1113,2011-11-11,Melancholia 2011,9400000,3030848,21817298,18786450,12417298,"Drama,Sci-Fi",Lars von Trier
1114,2012-11-13,Jab Tak Hai Jaan 2012,9200000,3047539,5806666,2759127,-3393334,"Drama,Romance",Yash Chopra
1115,2010-05-21,Kites 2010,9200000,1685269,17155193,15469924,7955193,"Action,Drama,Romance","Anurag Basu, Sunil Subramani"
1116,2011-12-31,Red Dog 2011,9100000,0,20927794,20927794,11827794,"Biography,Comedy,Drama",Kriv Stenders
1117,2014-07-18,The Purge: Anarchy 2014,9000000,71562550,111534881,39972331,102534881,"Action,Horror,Sci-Fi",James DeMonaco
1118,2016-10-21,Ouija: Origin of Evil 2016,9000000,35144505,81831866,46687361,72831866,"Drama,Horror,Mystery",Mike Flanagan
1119,2019-02-13,Happy Death Day 2U 2019,9000000,28051045,64179495,36128450,55179495,"Drama,Horror,Mystery",Christopher Landon
1120,2016-11-18,The Edge of Seventeen 2016,9000000,14431633,19096003,4664370,10096003,"Comedy,Drama",Kelly Fremon Craig
1121,2016-12-02,Jackie 2016,9000000,13960394,36588512,22628118,27588512,"Biography,Drama,History",Pablo LarraÃ­n
1122,2011-08-12,Glee: The 3D Concert Movie 2011,9000000,11862398,17462398,5600000,8462398,"Documentary,Music","Jennifer Arnold, Kevin Tancharoen"
1123,2016-11-04,Loving 2016,9000000,7710234,12898064,5187830,3898064,"Biography,Drama,Romance",Jeff Nichols
1124,2016-08-26,Greater 2016,9000000,2000093,2000093,0,-6999907,"Biography,Family,Sport",David L. Hunt
1125,2018-12-25,Destroyer 2018,9000000,1533324,3681096,2147772,-5318904,"Action,Crime,Drama",Karyn Kusama
1126,2015-11-13,Heist 2015,8900000,50136,3324131,3273995,-5575869,"Action,Crime,Thriller",Scott Mann
1127,2015-11-13,Heist 2015,8900000,50136,3324131,3273995,-5575869,Action,K.W. Jones
1128,2016-11-18,Manchester by the Sea 2016,8500000,47695371,77733867,30038496,69233867,Drama,Kenneth Lonergan
1129,2014-10-31,Nightcrawler 2014,8500000,32381218,50334418,17953200,41834418,"Crime,Drama,Thriller",Dan Gilroy
1130,2013-09-27,Baggage Claim 2013,8500000,21569509,22885836,1316327,14385836,Comedy,David E. Talbert
1131,2016-10-07,Middle School: The Worst Years of My Life 2016,8500000,20007149,23311293,3304144,14811293,"Comedy,Family",Steve Carr
1132,2014-06-13,The Rover 2014,8500000,1109199,3180252,2071053,-5319748,"Action,Crime,Drama",David MichÃ´d
1133,2017-12-31,Posledniy bogatyr 2017,8500000,0,30700192,30700192,22200192,"Action,Adventure,Comedy",Dmitriy Dyachenko
1134,2013-05-31,Yeh Jawaani Hai Deewani 2013,8300000,3827466,50827466,47000000,42527466,"Comedy,Drama,Musical",Ayan Mukherjee
1135,2010-09-17,Easy A 2010,8000000,58401464,76200721,17799257,68200721,"Comedy,Drama,Romance",Will Gluck
1136,2019-05-03,The Intruder 2019,8000000,35095904,36005871,909967,28005871,"Drama,Horror,Mystery",Deon Taylor
1137,2011-09-30,50/50 2011,8000000,35016118,41334735,6318617,33334735,"Comedy,Drama,Romance",Jonathan Levine
1138,2015-09-02,A Walk in the Woods 2015,8000000,29499394,37119358,7619964,29119358,"Adventure,Biography,Comedy",Ken Kwapis
1139,2014-01-31,That Awkward Moment 2014,8000000,26068955,53068955,27000000,45068955,"Comedy,Romance",Tom Gormican
1140,2013-09-18,Enough Said 2013,8000000,17550872,25621449,8070577,17621449,"Comedy,Drama,Romance",Nicole Holofcener
1141,2011-04-29,Prom 2011,8000000,10130219,10763183,632964,2763183,"Comedy,Drama,Family",Joe Nussbaum
1142,2015-06-12,Me and Earl and the Dying Girl 2015,8000000,6758416,9266180,2507764,1266180,"Comedy,Drama,Romance",Alfonso Gomez-Rejon
1143,2010-10-08,It's Kind of a Funny Story 2010,8000000,6363628,6632950,269322,-1367050,"Comedy,Drama,Romance","Ryan Fleck, Anna Boden"
1144,2016-09-02,Morgan 2016,8000000,3915251,7298786,3383535,-701214,"Action,Horror,Sci-Fi",Luke Scott
1145,2015-12-30,Anomalisa 2015,8000000,3759286,5706168,1946882,-2293832,"Animation,Comedy,Drama","Duke Johnson, Charlie Kaufman"
1146,2010-12-29,Another Year 2010,8000000,3205706,20005613,16799907,12005613,"Comedy,Drama",Mike Leigh
1147,2010-11-19,Made in Dagenham 2010,8000000,1095369,15644196,14548827,7644196,"Biography,Comedy,Drama",Nigel Cole
1148,2018-10-26,London Fields 2018,8000000,252676,433732,181056,-7566268,"Crime,Mystery,Thriller",Mathew Cullen
1149,2011-09-16,Restless 2011,8000000,163753,2772511,2608758,-5227489,"Drama,Romance",Gus Van Sant
1150,2010-10-29,Wild Target 2010,8000000,109338,5314194,5204856,-2685806,"Action,Comedy,Crime",Jonathan Lynn
1151,2016-11-18,A Street Cat Named Bob 2016,8000000,82703,17382693,17299990,9382693,"Biography,Comedy,Drama",Roger Spottiswoode
1152,2014-08-12,Swelter 2014,8000000,0,44197,44197,-7955803,"Action,Crime,Drama",Keith Parmer
1153,2016-05-06,Code of Honor 2016,8000000,0,0,0,-8000000,"Action,Crime,Thriller",Michael Winnick
1154,2011-12-21,Albert Nobbs 2011,7500000,3014696,8539003,5524307,1039003,"Drama,Romance",Rodrigo GarcÃ­a
1155,2016-06-24,The Neon Demon 2016,7500000,1333124,3559803,2226679,-3940197,"Horror,Thriller",Nicolas Winding Refn
1156,2015-05-15,Pound of Flesh 2015,7500000,0,0,0,-7500000,"Action,Thriller",Ernie Barbarash
1157,2017-01-13,The Bye Bye Man 2017,7400000,22395806,31187727,8791921,23787727,"Drama,Fantasy,Horror",Stacy Title
1158,2012-06-29,Magic Mike 2012,7000000,113721571,170549753,56828182,163549753,"Comedy,Drama",Steven Soderbergh
1159,2018-03-16,I Can Only Imagine 2018,7000000,83482352,85604221,2121869,78604221,"Biography,Drama,Family","Andrew Erwin, Jon Erwin"
1160,2019-03-15,Five Feet Apart 2019,7000000,45729221,80504421,34775200,73504421,"Drama,Romance",Justin Baldoni
1161,2011-05-06,Jumping the Broom 2011,7000000,37295394,38158601,863207,31158601,"Comedy,Drama",Salim Akil
1162,2017-04-07,Gifted 2017,7000000,24801212,36964656,12163444,29964656,Drama,Marc Webb
1163,2015-06-19,Dope 2015,7000000,17506470,18190831,684361,11190831,"Comedy,Crime,Drama",Rick Famuyiwa
1164,2014-01-17,Devil's Due 2014,7000000,15821461,36146087,20324626,29146087,"Horror,Mystery,Thriller","Matt Bettinelli-Olpin, Tyler Gillett"
1165,2014-11-14,Beyond the Lights 2014,7000000,14618727,14618727,0,7618727,"Drama,Music,Romance",Gina Prince-Bythewood
1166,2010-06-18,Cyrus 2010,7000000,7468936,10062896,2593960,3062896,"Crime,Horror,Mystery",Mark Vadik
1167,2010-06-18,Cyrus 2010,7000000,7468936,10062896,2593960,3062896,"Comedy,Drama,Romance","Jay Duplass, Mark Duplass"
1168,2010-12-22,Somewhere 2010,7000000,1785645,17023121,15237476,10023121,"Comedy,Drama",Sofia Coppola
1169,2013-11-15,The Christmas Candle 2013,7000000,1632000,1933829,301829,-5066171,"Drama,Family",John Stephenson
1170,2015-10-02,Freeheld 2015,7000000,546201,1732228,1186027,-5267772,"Biography,Drama,Romance",Peter Sollett
1171,2010-07-30,The Extra Man 2010,7000000,453377,492108,38731,-6507892,Comedy,"Shari Springer Berman, Robert Pulcini"
1172,2010-03-26,Ca$h 2010,7000000,46488,46488,0,-6953512,"Crime,Thriller",Stephen Milburn Anderson
1173,2016-12-06,Oddball 2016,7000000,0,10237229,10237229,3237229,Documentary,Joshua Moore
1174,2015-11-20,Criminal Activities 2015,7000000,0,386744,386744,-6613256,"Crime,Drama,Thriller",Jackie Earle Haley
1175,2012-09-21,House at the End of the Street 2012,6900000,31611916,44103982,12492066,37203982,"Drama,Horror,Thriller",Mark Tonderai
1176,2010-09-17,Incendies 2010,6800000,6857096,16038343,9181247,9238343,"Drama,Mystery,War",Denis Villeneuve
1177,2014-10-03,Annabelle 2014,6500000,84273813,256862920,172589107,250362920,"Horror,Mystery,Thriller",John R. Leonetti
1178,2017-10-20,Same Kind of Different as Me 2017,6500000,6423605,6423605,0,-76395,"Biography,Drama",Michael Carney
1179,2011-12-02,Shame 2011,6500000,4002293,20412841,16410548,13912841,Drama,Steve McQueen
1180,2013-05-31,The East 2013,6500000,2274649,3027956,753307,-3472044,"Adventure,Drama,Thriller",Zal Batmanglij
1181,2018-05-11,Breaking In 2018,6000000,46840590,51411620,4571030,45411620,"Action,Crime,Drama",James McTeigue
1182,2019-03-29,Unplanned 2019,6000000,18107621,18107621,0,12107621,"Biography,Drama","Chuck Konzelman, Cary Solomon"
1183,2019-02-08,The Prodigy 2019,6000000,14856291,19789712,4933421,13789712,"Horror,Thriller",Nicholas McCarthy
1184,2018-11-30,The Possession of Hannah Grace 2018,6000000,14836174,42785387,27949213,36785387,"Horror,Mystery,Thriller",Diederik Van Rooijen
1185,2012-09-07,The Words 2012,6000000,11494838,16369708,4874870,10369708,"Drama,Mystery,Romance","Brian Klugman, Lee Sternthal"
1186,2012-03-16,Casa de mi Padre 2012,6000000,5909483,8446952,2537469,2446952,"Comedy,Western",Matt Piedmont
1187,2011-07-29,The Guard 2011,6000000,5359774,21197454,15837680,15197454,"Comedy,Crime,Thriller",John Michael McDonagh
1188,2014-07-18,Wish I Was Here 2014,6000000,3591299,6591365,3000066,591365,"Comedy,Drama",Zach Braff
1189,2014-03-14,Veronica Mars 2014,6000000,3322127,3485383,163256,-2514617,"Crime,Drama,Mystery",Rob Thomas
1190,2011-07-15,Snow Flower and the Secret Fan 2011,6000000,1348205,11348205,10000000,5348205,"Drama,History",Wayne Wang
1191,2018-09-14,Mandy 2018,6000000,1214525,1427656,213131,-4572344,"Action,Fantasy,Horror",Panos Cosmatos
1192,2012-12-07,Deadfall 2012,6000000,66351,1673635,1607284,-4326365,"Crime,Drama,Thriller",Stefan Ruzowitzky
1193,2010-02-09,Icarus 2010,6000000,0,0,0,-6000000,Thriller,Maarten Diederen
1194,2011-05-10,The Hit List 2011,6000000,0,0,0,-6000000,"Action,Thriller",William Kaufman
1195,2012-10-05,Trade of Innocents 2012,5800000,15091,15091,0,-5784909,"Drama,Thriller",Christopher M. Bessette
1196,2010-07-16,Standing Ovation 2010,5600000,531806,531806,0,-5068194,Musical,Stewart Raffill
1197,2012-12-07,Khiladi 786 2012,5600000,385422,14683763,14298341,9083763,"Action,Comedy",Ashish R. Mohan
1198,2013-09-27,Don Jon 2013,5500000,24477704,41268579,16790875,35768579,"Comedy,Drama,Romance",Joseph Gordon-Levitt
1199,2018-09-28,Hell Fest 2018,5500000,11107431,18119231,7011800,12619231,Horror,Gregory Plotkin
1200,2011-10-21,Le Havre 2011,5500000,611709,13480196,12868487,7980196,"Comedy,Drama",Aki KaurismÃ¤ki
1201,2011-07-15,Salvation Boulevard 2011,5500000,28468,28468,0,-5471532,"Action,Comedy,Drama",George Ratliff
1202,2011-04-22,Dum Maaro Dum 2011,5200000,564489,11633427,11068938,6433427,"Action,Crime,Drama",Rohan Sippy
1203,2017-02-24,Get Out 2017,5000000,176040665,255367951,79327286,250367951,"Horror,Mystery,Thriller",Jordan Peele
1204,2011-10-21,Paranormal Activity 3 2011,5000000,104028807,207039844,103011037,202039844,"Horror,Mystery,Thriller","Henry Joost, Ariel Schulman"
1205,2016-03-11,10 Cloverfield Lane 2016,5000000,72082999,108286422,36203423,103286422,"Drama,Horror,Mystery",Dan Trachtenberg
1206,2016-07-22,Lights Out 2016,5000000,67268835,148806510,81537675,143806510,"Drama,Horror,Mystery",David F. Sandberg
1207,2016-07-22,Lights Out 2016,5000000,67268835,148806510,81537675,143806510,Documentary,Jose G. Ramos
1208,2015-09-11,The Visit 2015,5000000,65206105,98677816,33471711,93677816,"Horror,Mystery,Thriller",M. Night Shyamalan
1209,2017-10-13,Happy Death Day 2017,5000000,55683845,125010260,69326415,120010260,"Horror,Mystery,Thriller",Christopher Landon
1210,2012-10-19,Paranormal Activity 4 2012,5000000,53900335,142817992,88917657,137817992,"Horror,Mystery,Thriller","Henry Joost, Ariel Schulman"
1211,2014-10-24,Ouija 2014,5000000,50856010,103300632,52444622,98300632,"Horror,Mystery,Thriller",Stiles White
1212,2015-08-07,The Gift 2015,5000000,43787265,58978477,15191212,53978477,"Drama,Mystery,Thriller",Joel Edgerton
1213,2017-06-23,The Big Sick 2017,5000000,42872467,53972860,11100393,48972860,"Comedy,Drama,Romance",Michael Showalter
1214,2014-01-03,Paranormal Activity: The Marked Ones 2014,5000000,32462372,90904854,58442482,85904854,"Horror,Mystery,Thriller",Christopher Landon
1215,2013-11-01,Dallas Buyers Club 2013,5000000,27298285,60611845,33313560,55611845,"Biography,Drama",Jean-Marc VallÃ©e
1216,2015-08-26,No Escape 2015,5000000,27288872,42844516,15555644,37844516,"Action,Thriller",John Erick Dowdle
1217,2015-02-27,The Lazarus Effect 2015,5000000,25801570,38359310,12557740,33359310,"Horror,Mystery,Sci-Fi",David Gelb
1218,2011-08-26,Our Idiot Brother 2011,5000000,24814830,25861249,1046419,20861249,"Comedy,Drama",Jesse Peretz
1219,2018-03-09,The Strangers: Prey at Night 2018,5000000,24431472,29960051,5528579,24960051,Horror,Johannes Roberts
1220,2013-07-05,The Way Way Back 2013,5000000,21502690,26853810,5351120,21853810,"Comedy,Drama","Nat Faxon, Jim Rash"
1221,2014-08-29,"As Above, So Below 2014",5000000,21222315,41824066,20601751,36824066,"Adventure,Horror,Mystery",John Erick Dowdle
1222,2016-02-19,Race 2016,5000000,19115191,23745772,4630581,18745772,"Biography,Drama,Sport",Stephen Hopkins
1223,2011-09-02,Apollo 18 2011,5000000,17686929,26517819,8830890,21517819,"Horror,Mystery,Sci-Fi",Gonzalo LÃ³pez-Gallego
1224,2018-03-23,"Paul, Apostle of Christ 2018",5000000,17547999,25529498,7981499,20529498,"Adventure,Biography,Drama",Andrew Hyatt
1225,2014-10-10,Addicted 2014,5000000,17390770,17499242,108472,12499242,"Drama,Thriller",Bille Woodruff
1226,2014-10-10,Addicted 2014,5000000,17390770,17499242,108472,12499242,"Documentary,Music",Guy Boudreaux
1227,2017-06-09,It Comes at Night 2017,5000000,13985117,19720203,5735086,14720203,"Horror,Mystery",Trey Edward Shults
1228,2017-03-03,Before I Fall 2017,5000000,12241072,18945682,6704610,13945682,"Drama,Fantasy,Mystery",Ry Russo-Young
1229,2016-01-29,Fifty Shades of Black 2016,5000000,11686940,22113075,10426135,17113075,Comedy,Michael Tiddes
1230,2016-03-11,The Perfect Match 2016,5000000,9669521,10182050,512529,5182050,"Comedy,Romance",Bille Woodruff
1231,2018-09-21,Fahrenheit 11/9 2018,5000000,6352306,6653715,301409,1653715,Documentary,Michael Moore
1232,2010-05-28,Sea Rex 3D: Journey to a Prehistoric World 2010,5000000,6096582,16515203,10418621,11515203,Documentary,"Ronan Chapalain, Pascal Vuong"
1233,2015-09-11,90 Minutes in Heaven 2015,5000000,4816142,4816142,0,-183858,Drama,Michael Polish
1234,2016-12-02,Incarnate 2016,5000000,4799774,9371036,4571262,4371036,"Horror,Thriller",Brad Peyton
1235,2017-03-03,Table 19 2017,5000000,3614896,4620399,1005503,-379601,"Comedy,Drama,Romance",Jeffrey Blitz
1236,2016-03-04,The Other Side of the Door 2016,5000000,3000342,12905107,9904765,7905107,Horror,Johannes Roberts
1237,2014-10-10,Kill the Messenger 2014,5000000,2450846,6656705,4205859,1656705,"Biography,Crime,Drama",Michael Cuesta
1238,2010-12-17,Rabbit Hole 2010,5000000,2229058,6205034,3975976,1205034,Drama,John Cameron Mitchell
1239,2015-10-23,Jem and the Holograms 2015,5000000,2184640,2368937,184297,-2631063,"Adventure,Drama,Family",Jon M. Chu
1240,2016-12-28,Paterson 2016,5000000,2141423,10727536,8586113,5727536,"Comedy,Drama,Romance",Jim Jarmusch
1241,2014-09-12,Atlas Shrugged: Who Is John Galt? 2014,5000000,851690,851690,0,-4148310,"Drama,Mystery,Sci-Fi",James Manera
1242,2013-08-16,Ain't Them Bodies Saints 2013,5000000,391611,1075009,683398,-3924991,"Crime,Drama,Romance",David Lowery
1243,2015-08-07,Cop Car 2015,5000000,134552,143658,9106,-4856342,"Crime,Thriller",Jon Watts
1244,2014-10-17,Rudderless 2014,5000000,56001,567219,511218,-4432781,"Comedy,Drama,Music",William H. Macy
1245,2015-05-15,Area 51 2015,5000000,7556,7556,0,-4992444,"Horror,Sci-Fi,Thriller",Oren Peli
1246,2014-12-05,Dying of the Light 2014,5000000,0,74639,74639,-4925361,"Drama,Thriller",Paul Schrader
1247,2016-09-02,Yoga Hosers 2016,5000000,0,22958,22958,-4977042,"Action,Comedy,Fantasy",Kevin Smith
1248,2014-11-21,Reach Me 2014,5000000,0,0,0,-5000000,"Comedy,Crime,Drama",John Herzfeld
1249,2014-08-18,Henry & Me 2014,5000000,0,0,0,-5000000,"Animation,Family",Barrett Esposito
1250,2012-12-31,Should've Been Romeo 2012,5000000,0,0,0,-5000000,"Comedy,Drama",Marc Bennett
1251,2015-10-27,Running Forever 2015,5000000,0,0,0,-5000000,Family,"Dan Garcia, Mike Mayhall"
1252,2013-07-19,Only God Forgives 2013,4800000,775849,4494560,3718711,-305440,"Crime,Drama",Nicolas Winding Refn
1253,2011-09-30,Take Shelter 2011,4750000,1728953,4972016,3243063,222016,"Drama,Horror,Thriller",Jeff Nichols
1254,2011-12-31,Without Men 2011,4700000,0,0,0,-4700000,Comedy,Gabriela Tagliavini
1255,2011-10-07,Blackthorn 2011,4500000,200558,1217307,1016749,-3282693,"Action,Adventure,Western",Mateo Gil
1256,2015-05-08,Maggie 2015,4500000,187112,1027760,840648,-3472240,"Drama,Horror",Henry Hobson
1257,2014-09-04,Falcon Rising 2014,4500000,11774,11774,0,-4488226,"Action,Adventure",Ernie Barbarash
1258,2013-06-25,Hansel & Gretel Get Baked 2013,4500000,0,0,0,-4500000,"Comedy,Horror",Duane Journey
1259,2014-11-07,Fugly 2014,4500000,0,0,0,-4500000,"Drama,Thriller",Kabir Sadanand
1260,2015-08-28,Zipper 2015,4500000,0,0,0,-4500000,"Drama,Thriller",Mora Stephens
1261,2015-11-03,The Final Girls 2015,4500000,0,0,0,-4500000,"Comedy,Drama,Fantasy",Todd Strauss-Schulson
1262,2017-12-01,Daisy Winters 2017,4500000,0,0,0,-4500000,Drama,Beth LaMure
1263,2010-08-13,Animal Kingdom 2010,4200000,1044039,8078683,7034644,3878683,"Crime,Drama",David MichÃ´d
1264,2011-10-21,Cargo 2011,4200000,0,313230,313230,-3886770,Drama,Yan Vizinberg
1265,2015-01-23,The Boy Next Door 2015,4000000,36006065,53401938,17395873,49401938,"Horror,Thriller",Rob Cohen
1266,2014-07-11,Boyhood 2014,4000000,25379975,57273049,31893074,53273049,Drama,Richard Linklater
1267,2010-07-09,The Kids Are All Right 2010,4000000,20811365,36275469,15464104,32275469,"Comedy,Drama,Romance",Lisa Cholodenko
1268,2014-04-18,A Haunted House 2 2014,4000000,17329487,21206861,3877374,17206861,"Comedy,Fantasy",Michael Tiddes
1269,2013-03-01,The Last Exorcism Part II 2013,4000000,15179303,25448707,10269404,21448707,"Drama,Horror,Thriller",Ed Gass-Donnelly
1270,2016-05-13,The Darkness 2016,4000000,10753574,10898293,144719,6898293,"Horror,Thriller",Greg McLean
1271,2016-05-13,The Darkness 2016,4000000,10753574,10898293,144719,6898293,Thriller,Daniel Castro ZimbrÃ³n
1272,2011-06-17,The Art of Getting By 2011,4000000,1430241,1989035,558794,-2010965,"Drama,Romance",Gavin Wiesen
1273,2011-09-23,Red State 2011,4000000,1065429,1983596,918167,-2016404,"Action,Crime,Horror",Kevin Smith
1274,2012-10-17,Holy Motors 2012,4000000,641054,4230426,3589372,230426,"Drama,Fantasy",Leos Carax
1275,2014-06-13,The Signal 2014,4000000,600896,2665322,2064426,-1334678,"Drama,Mystery,Sci-Fi",William Eubank
1276,2014-04-11,Joe 2014,4000000,373375,373375,0,-3626625,Documentary,Alfonso Perugini
1277,2014-04-11,Joe 2014,4000000,373375,373375,0,-3626625,"Biography,Documentary","Erica Hill, Nick Noyes"
1278,2019-06-07,Late Night 2019,4000000,246305,246305,0,-3753695,"Comedy,Drama",Nisha Ganatra
1279,2014-04-18,13 Sins 2014,4000000,9134,47552,38418,-3952448,"Horror,Thriller",Daniel Stamm
1280,2011-11-18,Another Happy Day 2011,4000000,9120,978527,969407,-3021473,"Comedy,Drama",Sam Levinson
1281,2014-07-11,The Perfect Wave 2014,4000000,0,0,0,-4000000,"Adventure,Biography,Drama",Bruce Macdonald
1282,2015-09-08,Chain of Command 2015,4000000,0,0,0,-4000000,"Action,Thriller",Kevin Carraway
1283,2010-11-05,Four Lions 2010,3750000,310007,2436111,2126104,-1313889,"Comedy,Crime,Drama",Christopher Morris
1284,2018-04-13,Truth or Dare 2018,3500000,41411015,95127344,53716329,91627344,"Horror,Thriller",Jeff Wadlow
1285,2018-04-13,Truth or Dare 2018,3500000,41411015,95127344,53716329,91627344,"Comedy,Drama,Romance","Junshu Huang, Yun Xie"
1286,2018-02-02,Winchester 2018,3500000,25091816,44378040,19286224,40878040,"Biography,Drama,Fantasy","Peter Spierig, Michael Spierig"
1287,2013-02-22,Dark Skies 2013,3500000,17418667,27704111,10285444,24204111,"Horror,Sci-Fi,Thriller",Scott Stewart
1288,2018-01-19,Forever My Girl 2018,3500000,16376066,16376066,0,12876066,"Drama,Music,Romance",Bethany Ashton Wolf
1289,2016-12-02,Believe 2016,3500000,890303,890303,0,-2609697,Drama,Billy Dickson
1290,2016-09-30,American Honey 2016,3500000,663247,2611750,1948503,-888250,"Adventure,Drama,Romance",Andrea Arnold
1291,2016-01-08,The Masked Saint 2016,3500000,182695,182695,0,-3317305,"Action,Biography,Crime",Warren P. Sonoda
1292,2011-12-31,The Kick 2011,3500000,0,40622,40622,-3459378,"Action,Sport",Prachya Pinkaew
1293,2011-10-21,Margin Call 2011,3400000,5353586,20433227,15079641,17033227,"Drama,Thriller",J.C. Chandor
1294,2014-10-10,Whiplash 2014,3300000,13092006,38969037,25877031,35669037,"Drama,Music",Damien Chazelle
1295,2018-07-06,Sorry to Bother You 2018,3200000,17493096,18285560,792464,15085560,"Comedy,Fantasy,Sci-Fi",Boots Riley
1296,2010-10-20,Paranormal Activity 2 2010,3000000,84752907,177512032,92759125,174512032,Horror,Tod Williams
1297,2015-08-28,War Room 2015,3000000,67790117,73975239,6185122,70975239,Drama,Alex Kendrick
1298,2013-06-07,The Purge 2013,3000000,64473115,91266581,26793466,88266581,"Horror,Thriller",James DeMonaco
1299,2012-10-12,Sinister 2012,3000000,48086903,87727807,39640904,84727807,"Horror,Mystery,Thriller",Scott Derrickson
1300,2018-06-01,Upgrade 2018,3000000,11977130,16553285,4576155,13553285,"Action,Sci-Fi,Thriller",Leigh Whannell
1301,2013-05-24,Before Midnight 2013,3000000,8110621,23251930,15141309,20251930,"Drama,Romance",Richard Linklater
1302,2017-10-27,Let There Be Light 2017,3000000,7233471,7241309,7838,4241309,Drama,Kevin Sorbo
1303,2017-10-27,Let There Be Light 2017,3000000,7233471,7241309,7838,4241309,Documentary,"Van Royko, Mila Aung-Thwin"
1304,2016-06-24,Swiss Army Man 2016,3000000,4210454,5837111,1626657,2837111,"Adventure,Comedy,Drama","Dan Kwan, Daniel Scheinert"
1305,2010-04-30,Please Give 2010,3000000,4033574,4570178,536604,1570178,"Comedy,Drama",Nicole Holofcener
1306,2016-04-22,Compadres 2016,3000000,3127773,7445044,4317271,4445044,"Action,Comedy,Crime",Enrique BegnÃ©
1307,2010-04-09,Letters to God 2010,3000000,2848587,3237452,388865,237452,"Drama,Family","Patrick Doughtie, David Nixon"
1308,2014-09-19,Tusk 2014,3000000,1821983,1887554,65571,-1112446,"Comedy,Drama,Horror",Kevin Smith
1309,2017-05-12,The Wall 2017,3000000,1803064,4495262,2692198,1495262,"Action,Drama,Thriller",Doug Liman
1310,2017-05-12,The Wall 2017,3000000,1803064,4495262,2692198,1495262,Documentary,Mustafa Koray Polat
1311,2017-05-12,The Wall 2017,3000000,1803064,4495262,2692198,1495262,Documentary,Dmitry Bogolyubov
1312,2011-05-06,Hobo with a Shotgun 2011,3000000,703372,834953,131581,-2165047,"Action,Comedy,Horror",Jason Eisener
1313,2015-05-08,The D Train 2015,3000000,669688,772366,102678,-2227634,"Comedy,Drama","Andrew Mogel, Jarrad Paul"
1314,2012-09-07,Bachelorette 2012,3000000,446770,12577401,12130631,9577401,"Comedy,Romance",Leslye Headland
1315,2011-09-09,Creature 2011,3000000,331000,331000,0,-2669000,Horror,Fred Andrews
1316,2016-12-09,The Bounce Back 2016,3000000,321910,421404,99494,-2578596,"Comedy,Romance",Youssef Delara
1317,2012-03-02,Tim and Eric's Billion Dollar Movie 2012,3000000,201436,223652,22216,-2776348,Comedy,"Eric Wareheim, Tim Heidecker"
1318,2014-06-27,They Came Together 2014,3000000,0,82780,82780,-2917220,"Comedy,Romance",David Wain
1319,2013-05-21,Open Road 2013,3000000,0,47469,47469,-2952531,"Action,Drama,Thriller",Marcio Garcia
1320,2010-10-01,Barry Munday 2010,3000000,0,0,0,-3000000,"Comedy,Drama,Romance",Chris D'Arienzo
1321,2015-12-31,AWOL-72 2015,3000000,0,0,0,-3000000,"Action,Thriller",Christian Sesma
1322,2015-12-31,Unnatural 2015,3000000,0,0,0,-3000000,"Action,Horror,Sci-Fi",Hank Braxtan
1323,2015-12-11,Close Range 2015,3000000,0,0,0,-3000000,"Action,Crime",Isaac Florentine
1324,2010-10-01,Freakonomics 2010,2900000,101270,172867,71597,-2727133,Documentary,"Seth Gordon, Heidi Ewing, Alex Gibney, Rachel Grady, Eugene Jarecki, Morgan Spurlock"
1325,2018-10-26,Indivisible 2018,2700000,3511417,3588305,76888,888305,"Drama,War",David G. Evans
1326,2015-12-31,Sardaar Ji 2015,2700000,0,8200000,8200000,5500000,"Comedy,Fantasy,Horror",Rohit Jugraj
1327,2013-01-11,A Haunted House 2013,2500000,40041683,59922558,19880875,57422558,"Comedy,Fantasy",Michael Tiddes
1328,2013-07-03,Kevin Hart: Let Me Explain 2013,2500000,32244051,32327255,83204,29827255,"Comedy,Documentary","Tim Story, Leslie Small"
1329,2013-08-02,The Spectacular Now 2013,2500000,6852971,6916951,63980,4416951,"Comedy,Drama,Romance",James Ponsoldt
1330,2016-06-24,Hunt for the Wilderpeople 2016,2500000,5205471,23845533,18640062,21345533,"Adventure,Comedy,Drama",Taika Waititi
1331,2012-08-17,Robot & Frank 2012,2500000,3317468,4934356,1616888,2434356,"Comedy,Crime,Drama",Jake Schreier
1332,2013-03-01,The Lost Medallion: The Adventures of Billy Stone 2013,2500000,549632,549632,0,-1950368,"Adventure,Family,Fantasy",Bill Muir
1333,2010-06-18,8: The Mormon Proposition 2010,2500000,100280,100280,0,-2399720,Documentary,"Reed Cowan, Steven Greenstreet"
1334,2013-08-16,Underdogs 2013,2500000,35017,1392649,1357632,-1107351,"Adventure,Animation,Family",Juan JosÃ© Campanella
1335,2013-08-16,Underdogs 2013,2500000,35017,1392649,1357632,-1107351,"Drama,Family,Sport",Doug Dearth
1336,2010-12-31,Christmas Mail 2010,2500000,0,0,0,-2500000,"Comedy,Drama,Family",John Murlowski
1337,2015-07-03,Stung 2015,2500000,0,0,0,-2500000,"Action,Adventure,Comedy",Benni Diez
1338,2016-09-02,Antibirth 2016,2500000,0,0,0,-2500000,Horror,Danny Perez
1339,2014-11-14,Always Woodstock 2014,2400000,0,0,0,-2400000,"Comedy,Music,Romance",Rita Merson
1340,2015-03-20,Do You Believe? 2015,2300000,12985600,14304931,1319331,12004931,Drama,Jon Gunn
1341,2014-09-05,Frontera 2014,2300000,59696,59696,0,-2240304,"Drama,Thriller,Western",Michael Berry
1342,2016-01-19,Eden 2016,2300000,0,0,0,-2300000,Drama,Robbie Walsh
1343,2015-10-06,The Timber 2015,2100000,0,0,0,-2100000,"Action,Adventure,Drama",Anthony O'Brien
1344,2011-09-30,Courageous 2011,2000000,34522221,35185884,663663,33185884,Drama,Alex Kendrick
1345,2018-07-13,Eighth Grade 2018,2000000,13539710,14341016,801306,12341016,"Comedy,Drama",Bo Burnham
1346,2010-06-11,Winter's Bone 2010,2000000,6531503,16131551,9600048,14131551,"Drama,Mystery",Debra Granik
1347,2014-10-10,Meet the Mormons 2014,2000000,6047363,6049171,1808,4049171,Documentary,Blair Treu
1348,2017-10-06,The Florida Project 2017,2000000,5904366,11295324,5390958,9295324,Drama,Sean Baker
1349,2017-08-25,All Saints 2017,2000000,5802208,5941994,139786,3941994,Drama,Steve Gomer
1350,2010-10-08,Inside Job 2010,2000000,4311834,7799257,3487423,5799257,"Crime,Documentary",Charles Ferguson
1351,2015-08-28,We Are Your Friends 2015,2000000,3591417,10153415,6561998,8153415,"Drama,Music,Romance",Max Joseph
1352,2015-09-18,Captive 2015,2000000,2583301,2791973,208672,791973,"Action,Crime,Drama",Jerry Jameson
1353,2018-06-08,Hearts Beat Loud 2018,2000000,2386254,2420962,34708,420962,"Comedy,Drama,Music",Brett Haley
1354,2015-08-07,The Diary of a Teenage Girl 2015,2000000,1477002,2279959,802957,279959,"Comedy,Drama,Romance",Marielle Heller
1355,2014-11-28,The Babadook 2014,2000000,950792,7482387,6531595,5482387,"Drama,Horror",Jennifer Kent
1356,2010-09-24,The Virginity Hit 2010,2000000,636706,636706,0,-1363294,Comedy,"Andrew Gurland, Huck Botko"
1357,2014-09-19,Pump 2014,2000000,72277,72277,0,-1927723,Documentary,"Rebecca Harrell Tickell, Joshua Tickell"
1358,2015-10-09,Knock Knock 2015,2000000,36336,6328516,6292180,4328516,"Drama,Thriller",Eli Roth
1359,2012-10-19,The First Time 2012,2000000,17061,17061,0,-1982939,"Comedy,Drama,Romance",Jonathan Kasdan
1360,2010-08-27,Circle 2010,2000000,10024,10024,0,-1989976,"Horror,Thriller",Michael W. Watkins
1361,2013-09-13,Plush 2013,2000000,3080,28864,25784,-1971136,"Drama,Music,Thriller",Catherine Hardwicke
1362,2012-10-26,The Ghastly Love of Johnny X 2012,2000000,2436,2436,0,-1997564,"Comedy,Fantasy,Musical",Paul Bunnell
1363,2011-09-09,Grave Encounters 2011,2000000,0,2151887,2151887,151887,Horror,"Colin Minihan, Stuart Ortiz, The Vicious Brothers"
1364,2015-10-23,Bone Tomahawk 2015,2000000,0,475846,475846,-1524154,"Adventure,Drama,Horror",S. Craig Zahler
1365,2013-03-19,Straight A's 2013,2000000,0,0,0,-2000000,"Comedy,Drama",James Cox
1366,2012-12-31,Highway 2012,2000000,0,0,0,-2000000,Comedy,Coke Daniels
1367,2012-12-31,Highway 2012,2000000,0,0,0,-2000000,Drama,Deepak Rauniyar
1368,2013-07-09,Coffee Town 2013,2000000,0,0,0,-2000000,Comedy,Brad Copeland
1369,2014-12-31,Lucky Dog 2014,2000000,0,0,0,-2000000,Family,Michael Feifer
1370,2015-03-20,The Walking Deceased 2015,2000000,0,0,0,-2000000,"Comedy,Horror",Scott Dow
1371,2011-12-31,True Bromance 2011,2000000,0,0,0,-2000000,Comedy,Sebastian Doggart
1372,2015-08-21,The Curse of Downers Grove 2015,2000000,0,0,0,-2000000,"Drama,Horror,Mystery",Derick Martini
1373,2015-12-31,Wind Walkers 2015,2000000,0,0,0,-2000000,"Action,Horror,Thriller",Russell Friedenberg
1374,2016-07-08,The Dog Lover 2016,2000000,0,0,0,-2000000,Drama,Alex Ranarivelo
1375,2015-12-01,Shark Lake 2015,2000000,0,0,0,-2000000,"Action,Adventure,Crime",Jerry Dugan
1376,2010-09-24,Buried 2010,1987650,1044143,21270290,20226147,19282640,"Drama,Mystery,Thriller",Rodrigo CortÃ©s
1377,2015-04-24,Brotherly Love 2015,1900000,478595,478595,0,-1421405,Drama,Jamal Hill
1378,2015-04-24,Brotherly Love 2015,1900000,478595,478595,0,-1421405,Horror,Chuck Rayner
1379,2013-02-08,ABCD (Any Body Can Dance) 2013,1900000,222098,10137234,9915136,8237234,"Drama,Music",Remo D'Souza
1380,2013-07-26,Stranded 2013,1900000,0,285593,285593,-1614407,"Horror,Sci-Fi",Roger Christian
1381,2015-12-31,Vaalu 2015,1900000,0,12444,12444,-1887556,"Comedy,Romance",Vijay Chandar
1382,2010-08-27,The Last Exorcism 2010,1800000,41034350,70165900,29131550,68365900,"Drama,Horror,Thriller",Daniel Stamm
1383,2012-06-27,Beasts of the Southern Wild 2012,1800000,12795746,23265132,10469386,21465132,"Adventure,Drama,Fantasy",Benh Zeitlin
1384,2011-08-23,Higher Ground 2011,1800000,841056,842693,1637,-957307,Drama,Vera Farmiga
1385,2012-02-03,Dysfunctional Friends 2012,1800000,0,0,0,-1800000,"Comedy,Drama",Corey Grant
1386,2013-12-31,Independence Daysaster 2013,1800000,0,0,0,-1800000,"Action,Adventure,Sci-Fi",W.D. Hogan
1387,2010-10-08,I Spit on Your Grave 2010,1750000,93051,1278471,1185420,-471529,"Horror,Thriller",Steven R. Monroe
1388,2013-10-04,Grace Unplugged 2013,1700000,2507159,2507159,0,807159,"Drama,Music",Brad J. Silverman
1389,2010-10-15,N-Secure 2010,1600000,2595644,2595644,0,995644,"Crime,Drama,Thriller",David M. Matthews
1390,2014-09-26,Two Night Stand 2014,1600000,15600,868081,852481,-731919,"Comedy,Romance",Max Nichols
1391,2016-10-21,Moonlight 2016,1500000,27854931,65245512,37390581,63745512,Drama,Barry Jenkins
1392,2018-03-23,Unsane 2018,1500000,7690044,14244931,6554887,12744931,"Drama,Horror,Mystery",Steven Soderbergh
1393,2013-07-26,The To Do List 2013,1500000,3491669,4128828,637159,2628828,"Comedy,Romance",Maggie Carey
1394,2016-10-21,31 2016,1500000,779820,922727,142907,-577273,"Horror,Thriller",Rob Zombie
1395,2013-10-25,The Square 2013,1500000,124244,176262,52018,-1323738,"Documentary,Drama,History",Jehane Noujaim
1396,2013-10-25,The Square 2013,1500000,124244,176262,52018,-1323738,Documentary,LÃ­via Gyarmathy
1397,2015-03-06,Road Hard 2015,1500000,113169,113169,0,-1386831,Comedy,"Adam Carolla, Kevin Hench"
1398,2014-10-17,Housebound 2014,1500000,0,236863,236863,-1263137,"Comedy,Horror,Mystery",Gerard Johnstone
1399,2018-07-20,Teefa in Trouble 2018,1500000,0,98806,98806,-1401194,"Action,Comedy,Crime",Ahsan Rahim
1400,2014-04-17,Closer to the Moon 2014,1500000,0,5396,5396,-1494604,"Comedy,Crime,Drama",Nae Caranfil
1401,2011-06-03,The Lion of Judah 2011,1500000,0,0,0,-1500000,Animation,"Deryck Broom, Roger Hawkins"
1402,2015-11-20,#Horror 2015,1500000,0,0,0,-1500000,"Crime,Drama,Horror",Tara Subkoff
1403,2015-09-08,Checkmate 2015,1500000,0,0,0,-1500000,"Action,Crime,Thriller",Timothy Woodward Jr.
1404,2015-11-20,Mustang 2015,1400000,845464,5552584,4707120,4152584,Drama,Deniz Gamze ErgÃ¼ven
1405,2010-05-01,My Girlfriend's Boyfriend 2010,1400000,0,0,0,-1400000,"Comedy,Romance",Daryn Tufts
1406,2014-12-31,House at the End of the Drive 2014,1400000,0,0,0,-1400000,"Horror,Thriller",David Worth
1407,2014-10-17,Dear White People 2014,1250000,4404154,5403771,999617,4153771,"Comedy,Drama,Romance",Justin Simien
1408,2013-04-19,Home Run 2013,1200000,2859955,2859955,0,1659955,"Drama,Sport",David Boyd
1409,2012-04-13,Blue Like Jazz 2012,1200000,595018,595018,0,-604982,"Comedy,Drama",Steve Taylor
1410,2012-09-07,Crowsnest 2012,1200000,0,0,0,-1200000,"Horror,Mystery,Thriller",Brenton Spencer
1411,2012-09-14,Airborne 2012,1200000,0,0,0,-1200000,"Comedy,Crime,Horror",Dominic Burns
1412,2015-02-03,Bleeding Hearts 2015,1200000,0,0,0,-1200000,Horror,Dylan Bank
1413,2014-11-21,The Sleepwalker 2014,1100000,2636,2636,0,-1097364,Drama,Mona Fastvold
1414,2010-12-31,The Dead Undead 2010,1100000,0,0,0,-1100000,"Action,Horror,Sci-Fi","Matthew R. Anderson, Edward Conna"
1415,2013-12-31,The Vatican Exorcisms 2013,1100000,0,0,0,-1100000,Horror,Joe Marino
1416,2012-01-06,The Devil Inside 2012,1000000,53262945,101759490,48496545,100759490,Horror,William Brent Bell
1417,2012-05-25,Chernobyl Diaries 2012,1000000,18119640,42411721,24292081,41411721,"Horror,Mystery,Thriller",Bradley Parker
1418,2010-12-29,Blue Valentine 2010,1000000,9737892,16566240,6828348,15566240,"Drama,Romance",Derek Cianfrance
1419,2018-07-20,Unfriended: Dark Web 2018,1000000,8866745,16434588,7567843,15434588,"Crime,Horror,Mystery",Stephen Susco
1420,2012-10-19,The Sessions 2012,1000000,6002451,11495204,5492753,10495204,"Biography,Comedy,Drama",Ben Lewin
1421,2014-09-12,The Skeleton Twins 2014,1000000,5284309,5797192,512883,4797192,"Comedy,Drama,Romance",Craig Johnson
1422,2014-06-06,Obvious Child 2014,1000000,3122616,3324070,201454,2324070,"Comedy,Drama,Romance",Gillian Robespierre
1423,2011-10-21,Martha Marcy May Marlene 2011,1000000,2981038,5438911,2457873,4438911,"Drama,Mystery,Thriller",Sean Durkin
1424,2017-08-18,Patti Cake$ 2017,1000000,800148,1471090,670942,471090,"Drama,Music",Geremy Jasper
1425,2011-07-29,The Future 2011,1000000,568662,1239174,670512,239174,"Drama,Fantasy,Romance",Miranda July
1426,2014-10-24,23 Blast 2014,1000000,549185,549185,0,-450815,"Drama,Family,Sport",Dylan Baker
1427,2014-07-18,I Origins 2014,1000000,336472,852399,515927,-147601,"Drama,Romance,Sci-Fi",Mike Cahill
1428,2012-06-01,Hardflip 2012,1000000,96734,96734,0,-903266,"Action,Drama",Johnny Remo
1429,2014-10-17,Camp X-Ray 2014,1000000,9837,101053,91216,-898947,"Drama,War",Peter Sattler
1430,2013-12-31,Heli 2013,1000000,0,552614,552614,-447386,"Crime,Drama,Romance",Amat Escalante
1431,2015-12-31,Karachi se Lahore 2015,1000000,0,17721,17721,-982279,"Adventure,Comedy,Family",Wajahat Rauf
1432,2015-12-11,American Hero 2015,1000000,0,26,26,-999974,"Action,Comedy,Drama",Nick Love
1433,2012-03-20,Snow White: A Deadly Summer 2012,1000000,0,0,0,-1000000,Horror,David DeCoteau
1434,2012-10-09,Truth or Die 2012,1000000,0,0,0,-1000000,"Horror,Mystery",Robert Heath
1435,2014-01-07,Hidden Away 2014,1000000,0,0,0,-1000000,"Drama,Romance",Mikel Rueda
1436,2013-10-08,Zombie Hunter 2013,1000000,0,0,0,-1000000,"Action,Comedy,Horror",K. King
1437,2014-12-31,Doc Holliday's Revenge 2014,1000000,0,0,0,-1000000,Western,David DeCoteau
1438,2014-06-24,A Fine Step 2014,1000000,0,0,0,-1000000,Drama,Jonathan Meyers
1439,2014-12-31,Bang Bang Baby 2014,1000000,0,0,0,-1000000,"Drama,Fantasy,Musical",Jeffrey St. Jules
1440,2016-04-08,Hush 2016,1000000,0,0,0,-1000000,"Horror,Thriller",Mike Flanagan
1441,2016-04-08,Hush 2016,1000000,0,0,0,-1000000,"Documentary,Drama,Reality-TV","Djenar Maesa Ayu, Kan Lume"
1442,2016-12-31,Chemical Cut 2016,1000000,0,0,0,-1000000,Drama,Marjorie Conrad
1443,2014-11-21,Food Chains 2014,913000,0,176,176,-912824,Documentary,Sanjay Rawal
1444,2013-07-12,Fruitvale Station 2013,900000,16098998,17549645,1450647,16649645,"Biography,Drama,Romance",Ryan Coogler
1445,2016-04-01,Meet the Blacks 2016,900000,9097072,9097072,0,8197072,"Comedy,Horror",Deon Taylor
1446,2011-08-26,Circumstance 2011,900000,454121,958978,504857,58978,Drama,Maryam Keshavarz
1447,2012-04-27,The Giant Mechanical Man 2012,900000,7396,7396,0,-892604,"Comedy,Drama,Romance",Lee Kirk
1448,2014-12-31,40 Weeks 2014,900000,0,0,0,-900000,Documentary,Christopher Henze
1449,2015-08-28,Windsor Drive 2015,850000,3256,3256,0,-846744,"Mystery,Thriller",Natalie Bible'
1450,2014-09-19,Not Cool 2014,800000,35688,35688,0,-764312,"Comedy,Drama,Romance",Shane Dawson
1451,2011-09-09,Kevin Hart: Laugh at My Pain 2011,750000,7706436,7712436,6000,6962436,"Comedy,Documentary","Tim Story, Leslie Small"
1452,2012-06-08,Safety Not Guaranteed 2012,750000,4010957,4422318,411361,3672318,"Comedy,Drama,Romance",Colin Trevorrow
1453,2014-12-31,Destiny 2014,750000,0,450,450,-749550,"Adventure,Comedy,Family",Eddie Nilsson
1454,2014-12-31,Destiny 2014,750000,0,450,450,-749550,"Drama,Music,Romance",Jeremy Whittaker
1455,2017-08-04,Columbus 2017,700000,1017107,1110511,93404,410511,Drama,Kogonada
1456,2015-03-13,Walter 2015,700000,0,0,0,-700000,"Comedy,Drama",Anna Mastro
1457,2013-10-11,Escape from Tomorrow 2013,650000,171962,171962,0,-478038,"Drama,Fantasy,Horror",Randy Moore
1458,2012-12-31,After 2012,650000,0,0,0,-650000,"Drama,Fantasy,Mystery",Ryan Smith
1459,2012-12-31,After 2012,650000,0,0,0,-650000,Romance,GÃ©raldine Maillet
1460,2014-12-31,The Hadza: Last of the First 2014,650000,0,0,0,-650000,Documentary,Bill Benenson
1461,2013-12-31,Treachery 2013,625000,0,0,0,-625000,"Drama,Thriller",Travis Romero
1462,2015-05-22,Drunk Wedding 2015,600000,3301,3301,0,-596699,Comedy,Nick Weiss
1463,2014-12-31,Light from the Darkroom 2014,600000,0,0,0,-600000,"Action,Drama,Thriller",Lance McDaniel
1464,2015-02-24,Irreplaceable 2015,600000,0,0,0,-600000,Drama,Susan Fetzer
1465,2011-07-29,The Harvest/La Cosecha 2011,560000,3709,3709,0,-556291,Documentary,U. Roberto Romano
1466,2015-12-31,Julija in alfa Romeo 2015,560000,0,8462,8462,-551538,Comedy,Blaz Zavrsnik
1467,2011-07-08,Sholem Aleichem: Laughing in the Darkness 2011,500000,1131261,1131261,0,631261,Documentary,Joseph Dorman
1468,2013-08-23,Drinking Buddies 2013,500000,343706,407100,63394,-92900,"Comedy,Drama,Romance",Joe Swanberg
1469,2010-10-29,Monsters 2010,500000,237301,5639730,5402429,5139730,"Drama,Sci-Fi,Thriller",Gareth Edwards
1470,2012-09-28,The Other Dream Team 2012,500000,134109,314444,180335,-185556,"Documentary,Sport",Marius A. Markevicius
1471,2014-09-10,Born to Fly: Elizabeth Streb vs. Gravity 2014,500000,1822,1822,0,-498178,"Action,Biography,Documentary",Catherine Gund
1472,2018-05-11,Higher Power 2018,500000,528,528,0,-499472,"Action,Sci-Fi,Thriller",Matthew Charles Santoro
1473,2010-12-31,Drones 2010,500000,0,0,0,-500000,Comedy,"Amber Benson, Adam Busch"
1474,2012-07-17,Girls Gone Dead 2012,500000,0,0,0,-500000,"Comedy,Horror","Michael Hoffman Jr., Aaron T. Wells"
1475,2015-03-10,Subconscious 2015,500000,0,0,0,-500000,"Action,Mystery,Thriller",Georgia Hilton
1476,2015-06-23,Crossroads 2015,500000,0,0,0,-500000,"Action,Crime,Drama",Edris Ne
1477,2014-12-31,The Sound and the Shadow 2014,500000,0,0,0,-500000,"Comedy,Mystery,Thriller",Justin Paul Miller
1478,2014-07-11,As It Is in Heaven 2014,450000,13486,13486,0,-436514,Drama,Joshua Overbay
1479,2010-10-15,I Want Your Money 2010,400000,433588,433588,0,33588,Documentary,Ray Griggs
1480,2014-12-31,Pancakes 2014,400000,0,0,0,-400000,Drama,Yasu Shibuya
1481,2015-10-20,Rotor DR1 2015,350000,0,0,0,-350000,"Family,Sci-Fi",Chad Kapper
1482,2014-03-28,Locker 13 2014,300000,3496,3496,0,-296504,Thriller,"Bruce Dellis, Jason Marsden, Donovan Montierth, Adam Montierth, Matthew Mebane"
1483,2015-10-23,The Looking Glass 2015,300000,1711,1711,0,-298289,"Drama,Music",John D. Hancock
1484,2014-10-31,All You Need Is Love 2014,300000,0,3565259,3565259,3265259,Documentary,Stuart Cameron
1485,2015-03-10,Teeth and Blood 2015,300000,0,0,0,-300000,"Action,Horror","Pamela J. Richardson, Al Franklin"
1486,2010-12-31,Anderson's Cross 2010,300000,0,0,0,-300000,"Comedy,Drama,Romance",Jerome Elston Scott
1487,2010-12-31,Death Calls 2010,290000,0,0,0,-290000,"Action,Adventure,Mystery","Ken Del Conte, Hector Echavarria"
1488,2012-08-17,Compliance 2012,270000,319285,830700,511415,560700,"Biography,Crime,Drama",Craig Zobel
1489,2011-10-28,Like Crazy 2011,250000,3395391,3728400,333009,3478400,"Drama,Romance",Drake Doremus
1490,2013-08-02,The Canyons 2013,250000,59671,62375,2704,-187625,"Drama,Thriller",Paul Schrader
1491,2014-06-06,Test 2014,250000,18823,18823,0,-231177,Drama,Aleksandr Kott
1492,2010-10-05,Rust 2010,250000,0,0,0,-250000,Drama,Corbin Bernsen
1493,2010-12-31,The Christmas Bunny 2010,250000,0,0,0,-250000,"Drama,Family",Tom Seidman
1494,2012-12-18,The Frozen 2012,250000,0,0,0,-250000,"Drama,Thriller",Andrew Hyatt
1495,2010-12-31,Butterfly 2010,250000,0,0,0,-250000,"Horror,Thriller",Edward E. Romero
1496,2015-12-31,Shooting the Warwicks 2015,250000,0,0,0,-250000,"Comedy,Drama",Adam Rifkin
1497,2015-10-09,Western Religion 2015,250000,0,0,0,-250000,"Adventure,Drama,Fantasy",James O'Brien
1498,2012-07-20,Burn 2012,225000,1109276,1109276,0,884276,Documentary,"Tom Putnam, Brenna Sanchez"
1499,2015-06-19,The Overnight 2015,200000,1109808,1165996,56188,965996,"Comedy,Mystery",Patrick Brice
1500,2012-10-12,Middle of Nowhere 2012,200000,236806,236806,0,36806,Drama,Ava DuVernay
1501,2014-03-14,The Word 2014,200000,3648,3648,0,-196352,"Drama,Thriller",Anna Kazejak
1502,2014-12-31,H. 2014,200000,0,0,0,-200000,"Drama,Sci-Fi,Thriller","Daniel Garcia, Rania Attieh"
1503,2011-09-23,Weekend 2011,190000,484592,1577585,1092993,1387585,"Drama,Romance",Andrew Haigh
1504,2011-09-23,Weekend 2011,190000,484592,1577585,1092993,1387585,"Action,Comedy,Crime",Cezary Pazura
1505,2011-09-23,Weekend 2011,190000,484592,1577585,1092993,1387585,"Comedy,Drama",Randal Kamradt
1506,2011-07-22,Another Earth 2011,175000,1321194,2102779,781585,1927779,"Drama,Romance,Sci-Fi",Mike Cahill
1507,2015-09-04,Heroes of Dirt 2015,175000,0,0,0,-175000,"Action,Drama,Sport",Eric Bugbee
1508,2013-12-31,Speak No Evil 2013,150000,0,32927,32927,-117073,Horror,Roze
1509,2013-05-03,Aroused 2013,150000,0,0,0,-150000,Documentary,Deborah Anderson
1510,2014-07-18,An American in Hollywood 2014,125000,0,0,0,-125000,Drama,Sai Varadan
1511,2015-12-31,Romantic Schemer 2015,125000,0,0,0,-125000,Romance,Valentine
1512,2015-07-10,The Gallows 2015,100000,22764410,41656474,18892064,41556474,"Horror,Mystery,Thriller","Travis Cluff, Chris Lofing"
1513,2017-07-07,A Ghost Story 2017,100000,1594798,2769782,1174984,2669782,"Drama,Fantasy,Romance",David Lowery
1514,2014-06-19,The Past is a Grotesque Animal 2014,100000,20056,20056,0,-79944,"Biography,Documentary,Music",Jason Miller
1515,2012-05-18,Indie Game: The Movie 2012,100000,0,0,0,-100000,"Documentary,Drama","James Swirsky, Lisanne Pajot"
1516,2015-03-17,Closure 2015,100000,0,0,0,-100000,Drama,Joseph Hovsepian
1517,2015-09-29,Queen Crab 2015,75000,0,0,0,-75000,"Action,Sci-Fi,Thriller",Brett Piper
1518,2014-07-25,Happy Christmas 2014,70000,30312,30312,0,-39688,"Comedy,Drama",Joe Swanberg
1519,2011-12-31,Absentia 2011,70000,0,8555,8555,-61445,"Drama,Horror,Mystery",Mike Flanagan
1520,2011-12-31,Absentia 2011,70000,0,8555,8555,-61445,Sci-Fi,Steven Young
1521,2012-12-31,Hayride 2012,60000,0,0,0,-60000,"Crime,Drama,Horror",Terron R. Parsons
1522,2013-10-04,The Dirties 2013,55000,0,0,0,-55000,"Crime,Drama",Matt Johnson
1523,2010-11-12,Tiny Furniture 2010,50000,391674,424149,32475,374149,"Comedy,Drama,Romance",Lena Dunham
1524,2015-07-31,Counting 2015,50000,8374,8374,0,-41626,Documentary,Jem Cohen
1525,2014-12-31,The Image Revolution 2014,50000,0,0,0,-50000,"Biography,Documentary",Patrick Meaney
1526,2013-10-25,A True Story 2013,45000,0,0,0,-45000,Comedy,Malcolm Goodwin
1527,2013-06-21,This Is Martin Bonner 2013,42000,0,0,0,-42000,Drama,Chad Hartigan
1528,2011-02-11,Raymond Did It 2011,40000,3632,3632,0,-36368,Horror,Travis Legge
1529,2012-03-31,Foreign Letters 2012,40000,0,0,0,-40000,"Comedy,Drama",Ela Thier
1530,2013-10-25,Her Cry: La Llorona Investigation 2013,35000,0,0,0,-35000,Horror,Damir Catic
1531,2013-12-31,Paraphobia 2013,30000,0,0,0,-30000,"Comedy,Horror,Thriller",Rick Montano
1532,2017-01-27,Emily 2017,27000,3547,3547,0,-23453,Drama,Ryan Graves
1533,2015-09-01,Exeter 2015,25000,0,489792,489792,464792,"Horror,Mystery,Thriller",Marcus Nispel
1534,2015-12-01,Dutch Kills 2015,25000,0,0,0,-25000,"Crime,Drama,Thriller",Joseph Mazzella
1535,2011-11-25,The Ridges 2011,17300,0,0,0,-17300,"Drama,Horror,Thriller",Brandon Landers
1536,2014-12-31,Stories of Our Lives 2014,15000,0,0,0,-15000,Drama,Jim Chuchu
